1664	0	1627
24	0	667
1063	3	1121
12	1	1202
1626	3	411
1434	1	1456
445	1	559
12	1	973
1563	2	1441
1224	2	1219
430	1	431
1700	1	1719
1914	1	248
66	1	81
12	1	155
1063	1	1196
1393	1	1398
847	3	877
1639	3	395
274	1	283
847	1	953
1203	1	1233
191	0	173
828	1	839
104	1	199
163	1	178
1434	3	1506
12	1	47
626	1	631
1063	1	1088
108	2	105
244	1	155
716	3	719
1331	1	155
12	1	1444
1700	1	1696
1810	3	1816
66	0	93
612	1	619
1798	1	1788
377	1	406
1828	3	1881
1063	1	1173
1700	1	1732
445	3	581
275	3	418
66	1	94
780	4	801
1810	4	1817
12	1	1071
701	1	703
1203	1	1210
797	4	778
12	1	433
161	1	162
847	1	966
12	0	59
667	1	690
1063	1	1065
1700	3	1777
1595	1	1616
1255	3	1305
445	3	473
1590	4	1259
148	1	155
445	1	549
1434	1	1446
1357	1	1379
1917	1	1920
12	1	1457
12	3	1009
1700	1	1709
1828	1	64
66	1	71
12	1	145
780	4	778
1063	1	1186
1691	1	1750
1828	1	100
1595	3	1554
1828	1	1906
1203	1	1223
102	1	196
934	0	940
1490	1	1485
1828	1	185
12	1	266
828	3	1018
1434	1	1423
1828	3	1835
1306	1	1310
514	1	517
1063	3	1124
533	1	549
104	1	81
995	0	952
1434	1	1544
952	3	988
852	0	828
361	5	362
1331	1	1398
1626	3	1667
12	1	243
667	1	680
700	0	672
1595	1	1606
104	1	202
274	3	295
828	5	1041
445	3	463
327	1	352
361	1	364
1063	1	1140
12	1	1447
1700	1	1699
637	3	662
12	1	135
148	1	230
1405	3	1406
1431	0	1416
1253	1	1278
1434	1	1521
1331	3	396
102	3	111
445	3	584
275	3	421
1828	1	1896
1758	4	395
828	1	1048
163	3	168
918	5	949
12	1	256
701	3	715
275	1	316
12	1	750
1691	5	254
12	1	1424
327	2	330
1434	1	1498
1063	1	1153
172	3	166
377	3	395
847	1	910
1254	5	1292
1828	1	67
1434	1	1534
1253	1	1291
1095	1	1114
12	1	1545
12	1	233
1787	1	1790
445	1	493
701	1	768
1441	1	1585
1595	1	1596
1914	1	1903
847	3	955
12	3	50
1700	4	1313
1675	1	1686
117	5	118
327	1	342
1252	0	1219
12	1	763
1434	4	497
445	3	538
1357	3	1368
847	1	887
148	1	220
1253	1	1268
1828	1	1850
918	1	933
1561	2	1441
514	3	529
104	1	133
514	1	605
701	4	814
1700	1	1774
1872	0	1828
778	4	701
626	3	638
1434	3	1440
1828	1	1886
12	1	1558
701	3	705
12	1	1149
828	3	818
701	1	781
12	1	740
445	3	515
1923	2	1924
274	2	275
559	2	280
377	3	385
12	5	1649
1253	1	1281
1828	1	1863
918	1	946
828	1	1015
12	1	1535
1637	2	1638
1700	3	255
327	1	332
828	3	831
12	1	753
12	3	1437
1004	0	953
1828	1	34
1671	1	1627
1828	1	1840
918	1	923
445	5	574
2	1	8
102	1	130
377	3	398
1671	3	1673
105	1	128
626	3	628
12	1	1103
701	4	395
445	1	460
828	1	1028
1253	0	1298
148	3	255
163	1	187
1828	1	155
12	1	1139
1063	1	1097
1254	1	1266
445	3	505
847	1	854
1596	5	1598
307	1	313
102	1	107
1691	1	1697
847	1	890
148	1	223
1639	5	1653
1828	1	1853
1700	3	1701
847	3	899
0	0	1
847	1	975
1434	1	961
244	4	246
626	1	653
12	1	972
1063	2	1075
1063	1	1110
1434	1	1455
828	4	377
12	1	1646
1641	1	1690
533	3	542
377	1	428
1626	1	485
307	1	326
274	2	278
1331	1	1345
1476	1	1398
275	1	430
445	1	450
1203	1	1232
828	1	838
1591	1	1561
163	1	177
1828	1	1048
1595	3	1599
12	1	46
626	1	630
1063	1	1087
1331	3	1390
778	1	797
1828	3	1880
445	1	571
377	1	405
12	3	1440
912	0	847
701	5	736
1063	4	1134
533	2	410
1373	2	1374
701	1	702
2	1	11
1591	1	1538
847	1	965
612	3	620
1331	1	46
1626	1	1666
12	0	58
12	1	23
919	5	950
1203	1	1245
1063	1	1064
104	1	211
1641	1	1644
28	2	27
1064	1	1069
445	3	472
148	1	154
445	1	548
1063	1	1100
1357	1	1378
780	1	803
1434	1	1445
1593	1	1571
847	10	906
1917	1	1919
445	3	508
847	1	857
1063	3	1146
1700	1	1708
66	1	70
429	1	432
709	5	726
1063	1	1185
1203	1	728
1331	1	1335
1828	1	99
12	5	1462
12	1	1083
1203	1	1222
1691	1	1785
847	1	978
106	1	136
1572	0	1441
533	2	544
1063	3	1123
1626	3	413
1434	1	1458
445	1	561
667	3	668
334	1	340
1486	0	1476
1700	1	1721
66	1	83
848	2	883
1063	1	1198
1434	1	1543
816	1	825
148	3	212
274	1	285
1626	1	1656
12	1	13
1203	1	1235
1434	1	267
514	3	597
104	1	201
1758	1	1760
445	3	462
1626	3	390
361	1	363
12	1	952
1312	1	1319
1224	1	70
12	1	1446
701	4	738
637	3	661
1700	1	1698
1828	3	1883
12	1	134
102	3	110
1700	3	1478
445	3	583
12	1	399
1626	1	1633
1828	1	1895
1203	1	1212
701	3	714
667	1	692
1063	1	1067
1595	1	1618
1528	1	1513
445	3	475
445	1	551
1357	1	1381
1917	1	1922
12	1	1459
1700	1	1711
66	1	73
12	1	147
1700	1	399
1434	1	1533
1063	1	1188
1253	1	1290
1691	1	1752
1434	2	1497
1828	1	1908
1787	1	1789
1203	1	1225
33	1	65
514	3	587
1441	1	1584
439	1	446
1441	4	1589
12	1	268
1626	3	380
12	3	723
1357	1	46
1470	5	1462
514	1	519
12	3	988
533	1	551
1063	1	1165
626	1	70
1765	0	1691
919	1	937
1558	2	1559
1434	1	1546
952	3	990
1434	1	234
33	1	42
1331	1	1400
701	3	704
12	1	16
1353	3	1354
667	1	682
1914	1	1915
274	3	297
694	0	689
629	1	685
828	5	1043
847	2	859
104	0	208
12	1	1413
116	1	128
1626	1	1335
1577	0	1559
12	1	1449
12	1	137
1434	1	1523
1253	1	1280
102	3	113
918	1	945
244	1	245
1691	1	1742
1828	1	1898
828	1	1050
1331	3	1337
163	3	170
12	1	1570
327	1	331
828	3	830
12	1	752
1306	1	1302
1828	1	33
1063	1	1155
1253	1	1257
918	1	922
377	3	397
1357	4	1358
1434	1	1536
626	3	627
1253	1	1293
828	1	1027
1626	1	121
12	1	1547
1489	0	1490
1626	3	1659
12	1	235
1071	0	1065
454	1	453
445	1	495
667	1	672
701	1	770
696	0	672
452	1	280
626	1	181
1254	1	1265
1558	2	1441
327	1	344
828	3	843
1758	3	1762
1254	1	1301
12	5	735
445	3	540
1691	1	1696
1357	3	1370
701	4	780
445	4	276
847	1	889
148	1	222
1434	1	1513
1253	1	1270
1691	1	155
1828	1	1852
991	0	952
514	1	607
1700	1	1776
626	3	640
1332	1	1335
12	1	1151
828	3	820
626	1	652
1063	1	1109
1828	3	505
12	1	742
12	1	1645
12	1	1416
73	1	75
275	3	354
701	3	792
274	2	277
102	1	119
445	3	553
377	3	387
701	4	793
847	1	902
275	1	429
1828	1	1865
445	1	449
1441	1	1541
1691	3	1755
12	1	1537
1401	1	1402
1001	0	953
445	1	485
445	2	450
1332	1	1348
1434	1	70
611	1	600
1254	1	1255
327	1	334
1207	1	1208
1828	1	0
374	6	373
1434	1	1467
12	1	755
12	3	1439
1357	3	1360
847	1	879
701	5	735
1434	1	1503
611	4	610
1253	1	1260
1828	1	1842
918	1	925
445	5	576
102	1	132
816	4	610
1007	0	952
1203	3	1205
1691	1	1807
327	2	276
1063	1	1099
1810	4	395
12	1	732
780	1	802
778	1	809
12	1	1635
445	3	507
1434	3	1553
847	1	856
1063	3	1145
1828	1	13
1434	1	1480
429	1	431
148	5	159
102	1	109
1331	1	1334
701	4	783
1560	2	1441
952	3	960
1434	1	433
1828	1	1855
1797	15	1801
1470	1	234
1700	1	1105
1691	3	1745
847	3	901
1476	1	1423
847	1	977
12	1	709
12	3	261
533	2	543
1689	0	1682
1434	1	1457
445	1	560
1063	1	1112
12	1	1648
377	3	354
701	3	795
847	1	869
707	0	667
1576	0	1441
271	3	272
816	1	824
1331	1	1347
1639	3	396
274	1	284
1626	1	1655
445	1	452
1203	1	1234
514	3	596
1758	1	1759
163	1	179
929	1	930
1595	3	1601
952	1	985
626	1	632
1063	1	1089
12	1	722
445	3	497
1828	3	1882
163	4	189
1011	1	1049
72	0	34
1700	1	1733
163	5	190
514	1	155
915	0	847
1691	3	1735
847	1	967
612	3	622
1626	1	1668
12	0	60
1203	1	1247
1063	1	1066
445	3	474
148	1	156
445	1	550
1434	1	1447
1357	1	1380
222	2	220
1917	1	1921
533	3	534
1700	1	1710
12	1	146
1063	1	1187
847	3	868
331	1	340
1691	1	1751
1828	1	101
12	1	182
992	0	952
1203	1	1224
33	1	64
847	1	980
12	1	1350
828	3	1019
12	1	38
1065	1	1072
307	1	439
106	1	138
445	0	482
376	3	354
1559	0	1580
2	0	3
514	1	518
697	0	672
12	3	987
193	0	172
445	1	563
667	3	670
828	4	840
1063	3	1125
533	1	550
430	1	435
1700	1	1723
66	1	85
1434	1	1545
305	0	274
148	3	214
274	1	287
1331	1	267
847	1	957
1691	1	1764
1203	1	1237
1595	1	1607
104	1	203
12	1	1592
1641	1	1636
1434	1	763
445	3	464
361	1	365
1312	1	1321
12	1	1448
637	3	663
1828	3	1885
12	1	136
1914	1	0
1405	3	1407
102	3	112
1357	1	1226
847	3	858
445	3	585
275	3	422
780	4	805
1626	1	1635
32	0	28
1828	1	1897
1581	0	1559
1203	1	1214
12	1	1569
327	3	354
917	0	847
1063	1	1069
1595	1	1620
445	5	487
1434	1	776
1141	1	1166
12	1	1425
73	1	84
445	3	297
1063	1	1154
172	3	167
1823	0	1691
12	1	1461
1700	1	1713
816	3	827
1357	3	1163
12	1	1052
1063	1	1190
1253	1	1292
1434	1	1535
1691	1	1754
1626	3	1658
1828	1	1910
1253	3	1258
445	1	494
514	3	589
1441	1	1586
68	2	67
1914	1	1904
12	3	51
828	3	842
194	0	163
1824	2	1826
1470	5	1464
514	1	521
1671	4	395
612	1	613
445	4	275
1063	1	1167
1393	0	1404
1357	1	1216
275	3	412
919	1	939
1063	4	1178
148	1	257
1434	1	1548
626	3	639
1828	1	1887
1675	1	1170
33	1	44
514	4	531
952	2	618
1691	4	610
12	1	1559
701	3	706
1434	3	1477
12	1	1150
667	1	684
1595	1	1610
445	5	477
828	5	1045
12	1	1415
12	1	1186
148	3	158
377	3	386
1434	1	1525
1253	1	1282
1828	1	1864
102	3	115
611	3	587
918	1	947
1828	1	552
244	1	247
12	1	1536
376	3	275
1353	4	395
1828	1	1900
445	1	484
1331	3	1339
1332	1	1347
327	1	333
828	3	832
1828	3	1829
12	1	754
275	4	325
12	1	1428
1787	4	1791
445	1	1917
1357	3	1359
1434	1	1502
1063	1	1157
918	1	924
102	1	131
1179	0	1063
919	1	929
1671	1	1664
1253	1	1295
307	1	373
828	1	1029
12	1	1549
1331	1	1392
1626	3	1661
12	1	237
701	1	772
847	3	959
12	1	731
1249	0	1250
327	1	346
1434	1	1479
285	0	299
445	3	542
1691	1	1698
701	4	782
847	1	891
148	1	224
1434	1	1515
952	3	959
1253	1	1272
1828	1	1854
1700	3	1702
514	1	609
1700	1	1778
332	1	340
993	0	952
12	1	70
666	0	667
1063	1	1111
1759	4	1766
275	4	315
12	1	1647
701	3	794
12	1	106
67	1	80
274	2	279
840	4	828
1312	1	967
102	1	121
12	1	1503
377	3	389
1331	1	1346
1691	1	399
1828	1	1867
12	1	1539
1828	3	219
1582	0	1559
1691	4	1313
1595	3	1600
952	1	984
12	1	721
1675	1	1680
327	1	336
1828	1	2
445	1	572
801	4	778
1357	1	1173
163	1	70
72	0	33
630	1	46
847	1	881
1357	3	1362
1253	1	1262
1828	1	1844
918	1	927
445	5	578
1700	3	1692
1691	3	1734
729	1	730
514	1	599
612	3	621
1203	1	1246
1700	4	610
1691	1	1809
327	2	278
1063	1	1101
1828	3	497
780	1	804
630	3	658
445	3	509
1434	3	1555
1434	1	1482
429	1	433
307	1	317
1315	1	1327
1331	1	1336
1415	5	1568
701	3	411
436	0	438
1691	1	1786
847	1	979
12	1	37
270	0	259
332	1	343
70	1	1216
1357	3	413
996	0	952
1434	1	1459
445	1	562
667	3	669
1063	1	1114
1925	1	1923
828	4	610
918	1	881
1473	0	1441
847	1	871
1700	1	1722
1565	1	1594
816	1	826
102	1	124
1331	1	1349
148	3	213
274	1	286
847	1	956
12	1	1097
1626	1	1657
1578	0	1441
12	3	1552
514	3	598
1758	1	1761
163	1	181
1595	3	1603
626	1	634
12	1	953
1063	1	1091
1312	1	1320
445	2	275
847	1	848
1828	3	1884
445	1	575
1011	1	1051
1006	0	953
1797	14	1798
66	1	97
1626	1	1634
1331	1	688
1203	1	1213
377	4	828
1475	0	1451
667	1	199
847	1	969
1917	1	490
12	0	62
1845	0	1828
436	2	437
1063	1	1068
1595	1	1619
34	1	57
1434	1	1449
445	1	552
1357	1	1382
626	1	238
1063	5	1074
12	1	1460
1700	1	1712
1063	1	1189
244	3	217
847	3	870
1691	1	1753
1828	1	1909
1203	1	1226
1180	0	1063
514	3	588
439	1	447
12	1	269
828	3	1021
716	1	703
12	1	40
1565	2	1441
1914	4	1828
1470	5	1463
2	0	5
1559	0	1582
1682	1	1687
514	1	520
1063	3	1127
1828	3	1874
377	1	399
533	1	552
1700	1	1725
275	3	411
66	1	87
919	1	938
148	1	256
1434	1	1547
1574	0	1559
33	1	43
148	3	216
810	0	780
12	1	17
1691	5	1736
1353	3	1355
667	1	683
1914	1	1916
274	3	298
1333	1	1349
828	5	1044
445	3	466
12	1	1185
1312	1	1323
1357	1	1372
12	1	776
12	1	1450
612	1	625
12	1	138
1434	1	1524
102	3	114
1691	1	1743
483	0	701
12	1	1077
1476	1	70
1626	1	1637
1828	1	1899
275	1	234
828	1	1051
1331	3	1338
163	3	171
104	1	182
1008	0	952
1595	1	1622
12	1	1427
709	1	727
1063	3	1117
1329	0	1312
693	0	672
1063	1	1156
1828	1	70
1434	1	1537
12	1	1054
1253	1	1294
1357	1	1241
12	1	1548
1331	1	1391
1691	1	1756
12	1	236
667	1	673
445	1	496
701	1	771
445	1	267
1423	1	1499
1434	1	81
847	3	958
1441	1	1588
1828	1	1503
626	1	182
533	1	25
327	1	345
1063	1	230
1254	1	1302
514	1	523
445	3	541
12	5	736
1357	3	1371
1828	4	610
1434	1	1514
1063	1	1169
1253	1	1271
275	3	414
514	1	608
148	1	259
626	3	641
1828	1	1889
1227	1	1228
701	3	708
812	4	814
667	1	686
12	1	743
828	5	1047
275	4	314
12	1	1417
377	3	388
847	1	903
816	3	819
1433	0	1415
1434	1	1527
1253	1	1284
1474	0	1441
1828	1	1866
244	1	249
847	4	828
1401	1	1403
626	3	654
1405	4	1313
1434	1	480
1063	3	819
445	1	486
445	2	451
916	0	847
1675	1	1679
1700	3	258
327	1	335
828	3	834
1828	3	1831
12	1	756
1828	4	1912
1787	4	1793
1357	3	1361
847	1	880
1828	1	37
1434	1	1504
1253	1	1261
1828	1	1843
918	1	926
271	1	273
445	5	577
1559	2	1441
1203	3	1206
828	1	1031
445	1	234
12	1	1551
1331	1	1394
148	3	258
1691	1	1808
12	1	239
445	1	499
701	1	774
1253	1	70
806	4	807
445	5	469
327	1	348
1434	3	1554
1828	1	14
1434	1	1481
1063	1	1136
74	0	75
148	3	150
285	0	301
377	3	378
275	3	381
701	4	784
847	1	893
148	1	226
1063	3	1182
1434	1	1517
1253	1	1274
165	4	148
1828	1	1856
1700	3	1704
1401	1	1393
0	0	4
445	1	476
163	3	164
1914	1	1886
70	1	1215
331	1	230
1063	1	1113
363	0	371
12	1	746
1566	2	1441
701	3	796
1434	3	255
1434	1	182
274	2	281
102	1	123
377	3	391
1331	1	1348
1090	2	1097
847	5	876
1828	0	1873
163	1	180
533	4	545
307	3	374
12	1	1132
1595	3	1602
12	1	49
445	2	454
952	1	986
99	2	100
626	1	633
1063	1	1090
1675	1	1682
445	3	498
1011	1	1050
1357	3	1364
847	1	883
1434	3	497
1828	1	1846
1254	4	1306
445	5	580
1532	2	1441
1700	1	1770
847	1	968
612	3	623
1626	1	1669
12	0	61
1552	4	1259
952	1	963
1203	1	1248
667	1	234
1691	1	1811
34	1	56
626	1	646
1063	1	1103
1434	1	1448
445	3	511
1434	3	1557
533	3	535
847	1	860
1416	2	1441
739	2	744
307	1	319
1330	0	1312
1405	1	1408
1353	1	1332
847	1	981
366	3	367
828	3	1020
12	1	39
307	1	440
445	0	483
1828	4	1869
1063	3	1126
1434	1	1461
445	1	564
636	3	657
667	3	671
1700	1	1724
66	1	86
998	0	952
1203	1	70
1331	1	1351
148	3	215
274	1	288
456	2	458
1691	1	1765
514	1	182
828	1	844
1758	1	1763
163	1	183
445	3	465
26	2	27
12	1	52
361	1	366
626	1	636
1063	1	1093
1312	1	1322
1810	1	1812
445	2	277
914	0	847
847	1	850
612	1	624
1063	1	46
307	1	309
102	1	103
445	3	586
12	1	1076
1626	1	1636
1072	0	1064
847	1	971
1203	3	358
327	3	355
307	3	354
1827	0	1828
666	0	626
1434	3	1259
1063	1	1070
1595	1	1621
778	1	780
701	1	155
1434	1	1451
445	1	554
554	2	562
1357	1	1384
1493	0	1434
1251	0	1219
1700	1	1714
66	1	76
12	1	1053
1063	1	1191
1330	0	1315
1379	2	1377
1828	1	1911
934	1	941
1253	3	1259
307	1	407
1787	1	1792
514	3	590
12	5	1059
1441	1	1587
192	0	173
828	3	1023
1682	0	1688
12	1	42
1639	1	1633
514	1	522
533	3	515
813	4	395
1828	3	1876
377	1	401
1063	1	1168
1691	3	1693
275	3	413
104	5	205
307	3	308
1434	1	1549
1828	1	1888
148	3	218
12	1	1560
1691	1	1768
847	1	961
1000	0	952
1434	3	1478
12	1	19
812	4	813
1691	5	1738
1595	1	1611
828	5	1046
1432	0	12
1357	1	1374
1828	4	357
12	1	1452
1580	0	1559
12	1	140
1434	2	1405
816	3	818
1434	1	1526
1253	1	1283
918	1	948
244	1	248
1639	3	380
232	2	225
1828	1	1901
1203	1	1218
1799	16	1805
1331	3	1340
1758	1	1743
934	0	935
244	5	254
445	4	410
1828	3	1830
828	3	833
1255	3	639
1222	1	1223
12	1	1429
307	3	442
1063	1	1158
1353	1	399
1434	1	1539
12	1	1056
952	3	983
1253	1	1296
828	1	1030
12	1	1550
1331	1	1393
1626	3	1662
12	1	238
1787	1	1795
667	1	675
701	1	773
1423	1	1501
1670	4	395
847	3	960
828	5	1036
327	1	347
828	3	846
1470	1	1461
1063	1	1135
1016	1	1031
1068	0	1080
148	3	149
285	0	300
1691	1	1699
275	3	380
847	1	892
445	4	279
148	1	225
1063	1	1171
1434	1	1516
1253	1	1273
67	2	69
1357	1	137
1700	3	1703
445	4	544
275	3	416
919	1	943
626	3	643
1828	1	1891
1063	1	618
12	1	480
701	1	786
12	1	745
12	1	1419
73	1	78
1828	1	26
1063	1	1148
1639	3	1659
377	3	390
275	3	393
847	1	905
1253	1	1286
1828	1	1868
918	1	951
667	1	629
244	1	251
1591	1	1563
445	2	453
12	1	1396
1675	1	1681
327	1	337
828	3	836
1828	3	1833
12	1	758
1670	1	1664
1828	4	1914
1470	4	1313
1357	3	1363
847	1	882
1828	1	1845
918	1	928
445	5	579
1700	3	1693
514	1	600
1434	3	1435
533	3	413
828	1	1033
1416	1	1503
1691	3	1771
1611	0	1612
1331	1	1396
12	1	241
701	1	776
626	1	645
1063	1	1102
12	3	516
514	4	610
376	3	377
104	0	204
445	3	510
1434	3	1556
1608	4	395
377	3	115
1434	1	1483
1063	1	1138
429	1	434
307	1	318
148	3	152
1315	1	1328
377	3	380
847	1	895
148	1	228
1253	1	1276
1828	1	1858
1700	3	1706
847	11	908
104	1	141
665	0	667
445	1	478
332	1	344
1575	0	1441
1434	1	1460
1063	1	1115
12	1	748
1331	1	182
1828	1	29
847	1	872
1434	1	1496
445	3	114
102	1	125
1331	1	1350
735	0	747
456	2	457
1374	13	1380
163	1	182
445	1	46
1691	1	1800
626	1	635
629	3	681
1063	1	1092
445	2	276
1254	1	1261
1253	5	1264
1596	1	1623
847	1	849
148	1	182
533	3	295
1691	1	344
1203	4	497
377	3	370
1063	3	1174
1828	1	1848
847	1	970
1434	3	1438
12	0	63
828	4	1010
626	1	648
1063	1	1105
1434	1	1450
1357	1	1383
1691	4	1824
1065	5	1068
701	3	114
1828	1	248
445	3	513
701	3	788
533	3	537
847	1	862
377	1	423
307	1	321
816	1	817
1063	1	961
1405	1	1410
331	1	343
1476	1	81
1203	1	1227
12	5	1058
816	5	823
163	1	172
1218	2	1207
1490	1	1489
828	3	1022
12	1	41
1828	3	1875
445	1	566
377	1	400
12	3	1435
1691	3	1692
1700	1	1726
1798	1	1818
66	1	88
533	3	370
2	1	6
148	3	217
274	1	290
1828	1	117
12	1	18
1691	5	1737
1203	1	1240
1700	3	1771
163	1	185
445	3	467
12	1	54
1312	1	1324
1357	1	1373
12	1	1451
1063	3	1141
12	1	139
445	1	399
274	1	267
1691	1	1744
12	1	1078
701	1	710
1203	1	1217
1357	1	182
847	3	897
1758	1	1742
1691	1	1780
847	1	973
327	3	357
1063	1	1072
12	1	525
1063	3	1118
12	1	1199
695	0	672
445	1	556
554	2	564
1357	1	1386
1401	4	395
1700	1	1716
1495	1	1510
12	1	1055
1063	1	1193
1434	1	1538
274	1	280
1691	1	1757
1787	1	1794
1203	1	1230
307	1	409
667	1	674
514	3	592
1423	1	1500
514	8	527
283	0	302
881	12	913
12	1	1441
514	1	524
701	4	733
1828	3	1878
377	1	403
1063	1	1170
997	0	952
1254	2	1304
1828	1	1396
445	4	543
275	3	415
919	1	942
780	4	798
1567	2	1441
148	1	260
307	3	310
1434	1	1551
626	3	642
1568	5	1415
1626	1	1628
1203	1	1207
1828	1	1890
12	1	1562
12	1	21
812	4	815
701	1	785
1595	1	1613
12	1	1418
73	1	77
376	7	307
28	1	29
1357	1	1376
1063	1	1147
1639	3	1658
1357	1	967
12	1	1454
66	1	68
12	1	142
816	3	820
1063	1	1183
1253	1	1285
847	3	864
244	1	250
1691	1	1747
1626	3	1651
626	3	655
1828	1	1903
1331	3	1342
1393	1	1241
12	1	263
1828	3	1832
828	3	835
728	2	729
12	1	757
1306	1	1307
1828	1	1350
1828	4	1913
307	3	444
12	3	983
1434	1	1505
533	1	546
1063	1	1160
1312	4	1314
1779	0	1783
1434	1	1541
828	1	1032
1331	1	1395
1828	1	159
12	1	240
667	1	677
445	1	500
701	1	775
274	3	292
445	5	470
828	5	1038
1828	5	723
327	1	349
1063	1	1137
1484	1	1479
148	3	151
377	3	379
780	3	800
445	4	281
847	1	894
148	1	227
1357	3	1375
12	5	1414
1253	1	1275
1434	1	1518
1828	1	1857
1700	3	1705
1828	1	1893
812	4	782
999	0	952
12	1	1565
701	3	712
12	1	1650
12	1	1421
1828	1	28
1434	1	1495
1063	1	1150
1675	5	1676
1331	3	370
377	3	392
275	3	395
847	1	907
1253	1	1288
1731	0	1700
12	1	1542
1626	3	1654
12	1	1133
514	5	595
445	2	455
701	1	765
1063	1	862
1253	5	1263
1331	1	1241
1415	1	1503
1675	1	1683
1312	3	1317
327	1	339
12	1	760
445	3	535
1331	3	792
1357	3	1365
847	1	884
1434	1	1508
1641	5	1677
1253	1	1265
1828	1	1847
918	1	930
514	1	602
274	1	70
1434	3	1437
828	1	1035
12	3	253
28	2	31
327	2	281
445	2	468
626	1	647
1063	1	1104
12	1	737
1441	1	1415
104	0	206
1214	2	1236
445	3	512
701	3	787
533	3	536
847	1	861
307	1	320
1405	1	1409
1571	0	1559
377	3	382
1828	1	1860
847	5	867
828	1	1012
12	1	220
847	1	982
445	1	480
307	1	441
1626	5	1653
1828	4	1870
445	1	565
12	5	720
847	1	874
1063	3	1163
1492	0	1476
1253	1	1255
1828	1	1837
514	3	516
102	1	127
1331	1	1352
12	3	1061
735	0	749
274	1	289
456	2	459
1203	1	1239
828	1	845
163	1	184
1691	1	1802
12	1	53
626	1	637
1063	1	1094
1810	1	1813
780	1	797
12	3	1411
12	1	1630
1596	1	1625
445	3	502
847	1	851
1626	4	395
533	3	297
1914	1	2
102	1	104
701	4	778
1063	3	1176
1822	0	1691
701	1	709
1691	3	1740
275	4	419
847	3	896
445	1	25
1691	1	1779
847	1	972
327	3	356
1063	1	1071
806	4	778
1306	1	1254
310	1	311
1405	1	1111
148	1	161
445	1	555
554	2	563
626	1	650
1063	1	1107
1357	1	1385
1434	1	1452
1570	0	1559
1675	3	1672
129	1	128
1471	0	1441
701	3	790
533	3	539
1700	1	1715
377	1	425
1063	1	1192
307	1	323
445	1	182
1675	3	396
24	1	25
307	1	408
514	3	591
847	3	909
12	5	1060
163	1	174
1434	5	1463
1490	1	1491
1828	3	35
828	3	1024
12	1	43
1063	1	1084
1357	1	230
1331	3	1387
1081	0	1065
1639	1	1634
306	0	274
445	1	568
368	3	369
377	1	402
1824	4	1788
1828	3	1877
104	3	197
1675	3	1685
1691	3	1694
1700	1	1728
1798	1	1820
66	1	90
780	4	797
1434	1	1550
1626	1	1627
148	3	219
1691	1	1769
847	1	962
377	3	218
1626	1	1663
12	1	20
1691	5	1739
1203	1	1242
1595	1	1612
1227	2	1229
1357	3	396
12	1	1188
1434	1	1442
1312	1	1326
1063	3	1143
66	1	67
12	1	141
101	2	67
148	5	157
847	3	863
1331	1	1332
665	0	626
1639	3	381
1691	1	1746
1828	1	1902
1203	1	1219
1331	3	1341
1758	1	1744
12	1	1574
1691	1	1782
327	3	359
12	1	262
12	1	33
533	2	276
106	1	133
307	3	443
1063	3	1120
12	1	1201
445	1	558
1063	1	256
1063	1	1159
808	4	778
307	4	295
847	1	13
1700	1	1718
1312	4	1313
1495	1	1512
12	1	1057
1063	1	1195
1253	1	1297
1393	1	1397
1434	1	1540
1608	1	1609
307	1	375
274	1	282
1691	1	1759
847	1	952
667	1	676
629	3	640
514	3	594
104	1	198
828	5	1037
283	0	304
12	1	1443
514	1	526
1562	2	1559
1700	1	1695
66	0	92
612	1	618
1691	0	1772
1063	1	1172
664	0	636
1767	0	1691
445	4	545
275	3	417
614	2	612
919	1	944
104	5	209
307	3	312
1626	1	1630
626	3	644
1828	1	1892
1203	1	1209
12	3	213
12	1	1564
667	1	689
1595	1	1615
12	1	517
12	1	1420
73	1	79
1003	0	952
1299	0	1286
1063	1	1149
1639	3	1660
12	1	1456
275	3	394
12	1	144
1700	1	625
816	3	822
12	5	1426
1253	1	1287
1828	1	737
102	3	120
847	3	866
1691	1	1749
445	3	413
1828	1	1905
1626	3	112
701	1	764
12	1	1577
12	1	265
1312	3	1316
327	1	338
1828	3	1834
12	1	759
12	1	530
1306	1	1309
1787	4	1796
445	3	534
1434	1	1507
533	1	548
1063	1	1162
918	1	929
514	1	601
952	3	987
327	1	230
828	1	1034
33	1	39
1331	1	1397
1562	2	1441
12	1	242
667	1	679
698	0	672
1595	1	1605
828	5	1040
327	1	351
1063	1	1139
1529	1	1530
1641	3	1643
377	3	381
148	1	229
1434	1	1520
1253	1	1277
1828	1	1859
1472	0	1441
828	1	1011
828	3	297
445	1	479
163	3	167
102	3	195
881	12	859
828	5	1017
445	1	70
1002	0	952
12	3	36
244	4	252
1063	1	1116
12	1	1423
368	5	362
327	2	329
445	3	295
847	1	873
1675	5	1678
1063	1	1152
1253	1	1254
918	1	919
12	3	1469
514	3	515
102	1	126
377	3	394
1005	0	953
275	1	436
445	1	456
12	1	1544
12	1	232
1675	0	1684
445	1	492
701	1	767
12	3	1590
1626	3	164
1254	1	1262
1596	1	1624
327	1	341
1401	1	182
1063	1	1129
12	1	762
1639	3	1640
445	3	537
1357	3	1367
847	1	886
1063	3	1175
1311	0	1306
1253	1	1267
1828	1	1849
918	1	932
1700	1	1773
1096	1	1114
1434	3	1439
1488	0	1476
12	3	255
153	5	160
626	1	649
1063	1	1106
363	0	364
12	1	739
626	1	240
1214	2	1238
1564	2	1441
701	3	789
533	3	538
148	0	231
1914	1	14
377	1	424
307	1	322
102	1	116
377	3	384
1357	3	297
445	3	370
1828	1	1862
828	1	1014
163	1	173
1434	5	1462
920	0	921
12	3	497
76	0	77
667	1	70
275	3	328
445	1	567
1436	0	1412
1700	1	1727
1798	1	1819
66	1	89
1828	1	1839
445	5	573
2	1	7
1671	3	1672
274	1	291
12	1	199
612	3	616
701	1	734
674	1	687
1203	1	1241
163	1	186
828	1	618
1691	1	1804
67	4	98
716	1	718
12	1	55
1626	3	396
1434	1	1441
1063	1	1096
1810	1	1815
1312	1	1325
514	4	604
780	1	799
12	1	1632
445	3	504
847	1	853
1063	3	1142
1596	5	1597
102	1	106
12	1	1079
1097	2	1131
701	1	711
847	3	898
1691	4	395
1691	1	1781
847	1	974
327	3	358
1063	1	1073
12	3	258
1560	2	1559
1063	3	1119
12	1	1200
1434	1	1454
445	1	557
12	1	971
327	4	295
533	3	541
1096	0	1130
1700	1	1717
377	1	427
1495	1	1511
1063	1	1194
816	1	821
1331	1	1344
1629	4	1595
1626	1	1652
994	0	952
1595	4	395
1203	1	1231
514	3	593
828	1	837
163	1	176
1434	5	1465
828	3	1026
12	1	45
626	1	629
1063	1	1086
1331	3	1389
445	0	489
2	0	10
514	1	525
612	1	617
445	1	570
1828	3	1879
377	1	404
1312	1	1171
1828	1	494
95	2	96
12	3	1259
1700	1	1730
274	1	294
847	1	964
12	0	57
12	1	22
1203	1	1244
667	1	688
1331	1	768
828	1	850
1595	1	1614
847	9	904
14	2	15
930	1	934
1255	3	1303
148	1	153
28	1	30
445	1	547
1357	1	1377
12	1	961
1434	1	1444
12	1	552
1917	1	1918
1356	1	1352
1700	1	1707
66	1	69
12	1	143
275	3	164
709	5	725
1063	1	1184
847	3	865
1691	1	1748
12	1	1082
626	3	656
1828	1	1904
1203	1	1221
12	1	264
1434	3	1494
1306	1	1308
1063	3	1122
490	1	491
533	1	547
1063	1	1161
1769	0	1772
1052	1	1062
1700	1	1720
66	1	82
1312	4	1315
1434	1	1542
1063	1	1197
1393	1	1399
1253	1	1299
1315	4	1313
1089	2	1097
847	1	954
1626	3	1665
667	1	678
445	1	501
1434	1	1398
1595	1	1604
104	1	200
274	3	293
828	5	1039
1476	1	1485
327	1	350
12	1	1445
514	1	528
637	3	660
1487	0	1476
12	1	133
1434	1	1519
1579	0	1441
445	3	582
1828	1	1894
664	0	674
1203	1	1211
1331	4	395
163	3	166
1691	3	1784
1700	4	395
12	3	35
701	3	713
667	1	691
1470	1	1441
1595	1	1617
1306	3	1259
12	1	1422
366	5	368
1675	5	1677
1063	1	1151
12	3	1468
377	3	393
275	3	396
1828	1	65
377	3	164
1434	1	1532
1253	1	1289
102	3	122
847	5	878
307	4	372
12	1	1543
12	1	2
1828	1	1907
701	1	766
1441	1	1583
12	3	48
12	1	267
1434	4	1313
1312	3	1318
327	1	340
1828	3	1836
1063	1	1128
12	1	761
1253	5	1300
445	3	536
1357	3	1366
847	1	885
1434	1	1509
1063	1	1164
1253	1	1266
918	1	931
1181	0	1063
1415	2	1441
514	1	603
701	5	777
701	4	812
919	1	936
952	3	989
1479	1	1476
33	1	41
1331	1	1399
12	1	1147
274	3	296
828	5	1042
1441	1	1416
104	0	207
12	1	1412
327	1	353
377	3	383
1434	1	1522
1253	1	1279
1828	1	1861
828	2	829
828	1	1013
0	0	9
445	1	481
828	1	1049
163	3	169
1828	4	1871
636	3	659
12	3	532
12	1	751
1787	4	1788
1828	1	32
847	1	875
1253	1	1256
1828	1	1838
1401	3	396
377	3	396
173	5	181
911	0	847
12	1	1546
148	3	253
1691	1	1803
12	1	234
716	1	717
701	1	769
1063	1	1095
1810	1	1814
12	1	728
12	1	1631
1357	4	395
445	3	503
274	1	182
327	1	343
1434	1	1476
1569	0	1559
102	1	105
445	3	539
1357	3	1369
701	4	779
847	1	888
1063	3	1177
148	1	221
1691	1	1695
1253	1	1269
1828	1	1851
1434	1	1103
1691	3	1741
275	4	420
514	1	606
699	0	672
1254	1	73
1700	1	1775
445	1	471
275	4	276
1255	1	1302
828	3	819
1573	0	1441
626	1	651
12	1	970
1063	1	1108
1434	1	1453
12	1	741
780	1	811
701	3	791
533	3	540
377	1	426
307	1	324
274	2	276
1430	0	1415
303	0	274
1331	1	1343
1691	1	625
445	1	448
828	1	1016
102	3	164
1441	1	1540
1914	1	1858
1682	0	967
841	4	828
163	1	175
1434	5	1464
828	3	1025
615	2	612
12	1	44
1063	1	182
1063	1	1085
1331	3	1388
445	0	488
1528	1	1531
1434	1	1466
445	1	569
368	3	370
533	3	553
1700	1	1729
1798	1	1821
66	1	91
1824	4	1825
1917	1	399
1828	1	1841
275	4	410
1671	3	1674
1691	1	1770
847	1	963
1203	3	1204
1626	1	1664
12	0	56
445	1	461
1203	1	1243
163	1	188
1691	1	1806
1641	1	1642
327	2	275
1434	1	1443
445	1	546
1063	1	1098
104	2	210
778	1	808
445	3	506
1434	3	1552
847	1	855
1063	3	1144
709	5	724
1799	14	1798
102	1	108
1331	1	1333
859	4	847
12	1	1081
24	4	1828
1203	1	1220
847	3	900
847	1	976
327	3	360
12	1	34
952	1	971
