5248	5	5501
5248	5	5272
1051	0	1128
1051	5	1472
4476	0	4773
1051	0	2296
2952	0	3269
1051	0	2067
317	5	453
2613	0	2700
4476	4	4599
5701	0	206
217	0	252
1051	0	1249
1051	5	1593
4106	0	4108
4106	5	4223
4106	5	4452
780	0	790
5701	0	5804
1051	0	2417
2952	0	3390
1051	0	2188
5248	0	5399
5531	0	5640
1051	0	1370
4106	0	4229
2952	0	128
1051	5	1485
3617	0	3759
3059	2	3077
4106	5	4344
5701	0	5925
76	0	167
2952	0	3511
2952	0	3282
317	0	351
317	5	466
5248	0	5520
5248	0	5291
4106	0	4350
1051	0	1262
1051	5	1606
3617	0	3880
5701	0	6046
4833	0	316
5701	0	5817
1051	0	444
2952	5	3481
317	5	587
2613	0	2834
2613	5	2949
5248	0	5412
5531	0	5653
1051	0	1383
1053	0	1525
4106	0	4242
4444	0	4457
317	0	593
3617	0	2954
317	0	364
2952	3	3529
154	0	129
260	1	261
4953	2	4949
4833	0	4988
3323	2	2987
5701	0	6059
317	0	714
2952	0	1430
317	5	829
3617	5	3678
2613	0	2847
1051	0	1625
3617	0	4014
4833	0	4880
3823	0	3778
4019	0	4285
317	0	606
1051	4	468
1051	0	1746
1051	5	2090
4476	5	4503
4833	0	5230
317	3	1025
5701	0	4086
76	0	314
3639	0	3898
317	0	727
4934	1	4932
3617	5	3920
5701	5	5369
4833	0	5122
4476	0	4694
317	0	848
4473	0	444
5701	5	5719
2952	0	2961
1051	0	1759
1051	5	2103
4833	0	5243
4476	0	4815
4476	0	4586
4833	0	1163
2613	5	2628
1051	0	1062
1051	5	1177
2428	0	334
5701	5	5732
5630	2	5531
1051	0	2230
2952	0	3203
1051	0	2001
1051	5	2345
317	5	387
2952	5	3052
2952	3	2979
11	0	12
5701	0	140
197	0	128
459	5	479
4106	5	4157
5298	2	5422
2428	0	2441
1051	0	2122
2952	0	3095
49	0	50
2613	5	655
2613	5	2641
2428	5	2492
5531	0	5574
5701	0	261
4106	0	4163
1051	0	1075
3617	0	3693
5182	0	5196
1051	1	1714
2428	0	2562
4833	0	129
5701	5	5974
2952	0	3445
100	2	85
2952	0	3216
317	0	285
4476	5	570
2613	0	2647
5531	0	5695
11	0	25
317	4	929
1051	0	1196
1051	5	1540
3617	0	3814
4924	1	5095
2952	0	3566
1051	0	2364
317	0	406
2952	5	3415
2613	0	2768
5248	0	916
2988	0	3402
1051	0	1317
4106	0	4176
3617	0	3706
5701	0	5872
3824	0	3847
1082	3	1051
5701	5	5987
2952	0	3458
2613	0	2660
5248	0	5467
1051	0	1438
1051	5	1782
3617	0	4056
3617	0	3827
4106	0	4297
4477	0	4494
4163	0	4184
4833	5	5037
5701	0	3778
2613	3	1093
3824	0	3739
2952	0	3579
317	0	419
2613	0	2781
1051	0	1559
1051	5	1903
4833	0	5043
5701	0	6114
5701	0	5885
4106	0	1156
317	0	540
4150	4	4183
2613	0	2902
2613	0	687
5248	0	5480
226	2	217
1051	0	1680
5701	3	117
205	0	207
4833	0	5164
5701	0	6006
4476	0	4507
1051	3	2099
3639	0	799
1051	0	1801
1051	0	1572
1051	5	1916
4833	0	5056
5701	0	6127
4476	3	4670
5378	0	5382
3617	5	3746
1051	0	1693
318	0	341
2952	5	2973
459	6	625
233	0	234
4833	0	5177
3823	0	3846
170	0	183
5132	0	5155
4476	0	4749
317	0	903
4476	0	4520
3617	5	3867
36	0	23
1051	0	2043
2952	0	3016
1051	0	1814
5203	1	5202
1051	3	1065
5248	0	595
4476	0	4641
3602	0	3585
2428	0	2483
2952	0	3137
2952	0	922
4106	0	593
4476	5	4692
5701	0	74
4476	0	4762
317	0	916
2428	0	2604
451	3	350
2952	0	3258
1051	0	2056
2952	0	3029
4476	5	4584
1051	3	1307
2673	0	2692
5701	0	195
217	0	241
3617	0	3627
3617	0	1412
317	0	1037
2176	3	1575
5307	2	5292
4833	5	4837
4833	0	63
2952	0	3379
1051	0	2177
2569	0	1016
4476	5	4705
2613	5	2925
5248	5	5503
1051	5	1474
455	5	458
4833	0	2399
2952	0	3271
3586	1	3611
2613	0	2702
4833	0	1352
5701	0	208
1051	0	1251
1051	5	1595
3617	0	3869
4106	0	4110
4106	5	4225
4106	5	4454
4106	3	4115
780	0	792
5701	0	5806
131	2	132
5701	5	1720
1051	0	2419
2952	0	3392
317	0	461
5248	3	5470
2613	0	2823
5248	4	447
5531	0	5642
1051	0	1372
4106	0	4231
1051	5	1487
3617	0	3761
4106	5	4346
4833	0	4856
76	0	169
2952	0	3513
316	0	63
317	0	353
5248	0	5522
5701	0	4880
5248	0	5293
1051	5	1837
4106	0	4352
1051	0	1264
4476	0	937
4833	0	4977
5080	1	5086
5701	0	6048
5701	0	5819
1789	2	1051
2952	5	3483
317	5	589
1051	1	1085
2613	0	2836
5248	0	5414
827	2	317
1051	0	1614
5015	0	5101
1051	0	1385
1053	0	1527
3617	0	4003
4444	0	4459
4468	2	4147
4833	0	2654
1011	2	991
2952	0	3526
317	0	595
3084	2	3058
1051	0	1735
3104	4	3105
4833	0	4990
5701	0	6061
317	0	716
317	5	831
1051	0	1856
1051	0	1627
3617	0	4016
4833	0	5111
317	0	837
5319	2	5339
317	0	608
2428	0	81
1051	0	1748
4833	0	5232
5531	4	475
5248	0	4730
3639	0	3900
317	0	729
4545	0	4565
2952	0	3071
4476	5	4626
4476	0	1313
4833	0	5124
76	0	4867
5701	0	8
2516	2	2517
4476	0	4696
317	0	850
4476	3	4738
2428	0	2538
5701	5	5721
1051	0	1990
2952	0	2963
1051	5	2105
4833	0	5245
5531	5	5557
5701	0	129
459	5	468
317	4	447
4106	5	4146
4476	0	4817
2428	0	2430
2952	3	3089
2613	5	2630
5248	0	663
5701	0	21
1051	0	1064
1051	5	1179
2952	5	2115
4476	0	4709
3116	0	3118
2613	0	1468
5701	5	5963
5701	5	5734
1051	0	2232
2952	0	3205
5248	3	5283
1051	0	2003
1051	5	2347
2952	5	3054
11	0	14
4106	5	2173
1051	5	1300
1051	0	2124
49	0	52
2613	0	313
5531	0	5576
2428	5	2494
5701	0	263
2952	2	3106
4106	0	4165
1051	0	1077
3617	0	3695
5701	0	5861
5701	5	5976
2952	0	3447
2952	0	1232
2952	0	3218
2167	2	1051
5248	0	5456
5531	0	5697
11	0	27
317	4	931
1051	0	1427
4496	2	4476
1051	0	1198
1051	5	1542
3617	0	3816
2548	0	2536
2952	0	3568
2952	0	3339
317	0	408
317	5	752
2952	5	3417
2613	0	2770
5248	0	5348
1051	0	1548
1051	0	1319
3617	0	3937
4106	0	4178
291	2	289
5701	0	5874
2952	0	3460
5248	0	5469
1051	0	1440
4106	0	4299
3617	0	3829
4833	0	4924
4833	5	5039
317	0	421
2613	0	2783
457	3	346
2952	0	2763
1051	5	1905
4106	0	4420
2952	0	319
4833	0	5045
5701	0	6116
317	0	771
317	0	542
2613	0	2904
1051	0	1682
5701	3	119
205	0	209
4833	0	5166
4833	0	4937
170	0	172
317	0	892
4476	0	4509
317	0	663
36	0	12
4960	2	4948
1051	5	1918
4107	0	838
2362	0	1985
4833	0	5058
4328	0	4374
5701	0	6129
542	1	541
4476	0	4630
5248	4	5429
5378	0	5384
4963	2	4949
1051	5	2039
318	0	343
4833	0	5179
3823	0	3848
5701	0	63
5132	0	5157
1051	5	1221
4476	0	4751
4107	0	4113
317	0	905
3640	3	3617
433	2	434
308	0	309
5248	0	3630
1051	0	2045
2952	0	3018
1051	5	2160
5531	0	838
1051	5	1342
2428	0	2485
4106	0	595
317	5	323
5701	0	76
1051	0	1119
4476	0	4764
2428	0	2606
2613	3	2760
1051	0	2287
2952	0	3260
1051	0	2058
2952	0	3031
2613	5	2806
2673	0	2694
5701	0	197
217	0	243
1051	0	1240
3617	0	3629
317	0	1039
4833	5	4839
2952	0	3381
2952	0	3152
1051	3	1659
4137	2	4133
4833	0	1233
5248	5	5505
5531	0	5631
1051	0	1361
4106	0	4220
1051	5	1476
2952	0	3502
2952	0	3273
2915	4	870
2613	0	2704
4833	0	1354
197	0	198
1051	5	1597
3617	0	3871
3617	0	3642
2952	5	2304
4106	0	4112
4106	5	4456
780	0	794
5701	0	5808
5248	0	2020
5531	3	4710
1051	0	2421
2952	0	3394
317	0	463
2952	5	3472
2613	0	2825
4106	0	4233
1051	5	1489
3617	0	3763
687	0	3239
4106	3	4238
4833	0	4858
2952	0	3515
317	0	355
184	1	185
2952	3	3520
5248	4	570
2613	0	2717
5248	0	5524
4106	0	4354
1051	5	1610
4833	0	4979
5701	0	6050
317	0	705
2613	0	2838
4106	4	4180
5248	0	5416
1051	0	1616
4106	0	4475
1053	0	1529
338	2	318
4833	0	5100
2613	0	2020
4444	0	4461
2952	4	3233
317	0	597
652	4	1051
1051	2	2076
2952	0	2710
4833	0	5221
5701	0	6063
3639	0	3889
498	0	21
317	0	718
317	5	833
1051	3	1927
5288	1	5303
3617	5	3682
184	0	94
1051	0	1858
1051	0	1629
4833	0	5113
4476	0	4685
317	0	839
2613	4	2906
1051	0	1750
4545	1	389
3767	2	3617
4476	0	4577
2613	5	1451
4545	0	4567
5701	5	1172
2952	0	3073
5069	2	5065
2952	5	3151
76	0	4869
5701	0	10
1051	0	1053
2952	0	1797
4476	0	4698
4476	0	2483
317	0	852
4833	2	4906
5701	5	5723
4127	2	4107
2952	0	3194
1051	0	1992
219	2	217
2582	1	2552
5701	0	131
4476	0	4819
317	0	973
4476	0	389
2428	0	2432
4106	4	4448
2872	1	2873
5531	0	5565
1051	0	1066
3617	0	3684
4106	5	4269
2428	0	2553
5701	5	5965
5701	5	3750
5701	5	5736
3788	4	3822
1051	0	2234
2952	0	3207
5248	1	5441
1051	5	2349
11	0	16
498	0	518
3617	0	3805
4106	5	4390
1051	5	1302
451	0	644
2952	0	3328
317	0	397
2613	0	2759
49	0	54
1418	0	3265
5701	0	265
5701	3	6161
1051	0	1308
3617	0	3697
4106	5	4282
5701	0	5863
5701	5	5978
2952	0	3449
317	0	289
2613	0	2880
3322	2	3316
5248	0	5458
5531	0	5699
11	0	258
1051	0	1429
1051	5	1773
4601	4	4602
1051	0	1200
1051	5	1544
3617	0	3818
4865	2	4850
4833	0	4913
2952	0	3570
3377	0	3402
2386	2	2380
317	0	410
317	5	754
2952	5	3419
2613	0	2772
1135	0	1138
1051	4	272
5248	0	5350
1051	0	1550
4106	0	4409
1051	0	1321
1051	5	1665
3617	0	3939
5701	0	6105
5701	0	5876
2952	0	3462
5248	0	5471
4415	0	4441
1051	0	1442
1051	5	1786
4106	0	4301
4106	3	4306
4833	0	4926
317	5	996
1051	5	1907
4833	0	5047
5248	0	4545
5701	0	6118
317	0	773
317	0	544
443	0	448
1051	0	1684
3617	0	4073
4476	0	1128
4833	0	5168
170	0	174
317	0	894
4476	3	4782
184	0	270
2952	0	3007
4833	0	5060
4328	0	4376
317	0	1015
1051	5	1102
4476	0	4632
317	0	786
2428	0	2474
1051	4	648
1051	0	1926
5172	2	4275
2952	0	684
1051	5	2041
4833	0	5181
5701	0	65
1051	5	1223
4476	0	4753
317	0	907
1051	5	994
1811	2	1799
1168	2	1051
308	0	311
1051	0	2047
1051	5	2391
2952	0	3020
1051	5	2162
5248	5	5373
1051	5	1344
3617	0	3618
317	0	1028
4476	0	4645
2428	0	2487
2952	0	3141
317	5	325
5541	1	5542
5701	0	78
1051	0	1121
4476	0	4766
2428	0	2608
2613	3	2762
1051	0	74
1051	0	2060
317	5	446
5248	0	841
2673	0	2696
5701	0	199
217	0	245
1051	0	1242
3617	0	3631
4833	5	4841
5701	0	5797
2549	2	2428
1051	0	2410
2952	0	3383
1051	0	195
2952	5	3232
2613	5	2929
4605	0	4644
5248	0	5392
5531	0	5633
4106	0	4222
1051	5	1478
1051	0	1134
540	0	552
5701	0	5918
1506	4	1507
2952	0	3504
1051	0	316
2952	0	3275
2613	0	2706
5701	5	785
4476	4	4605
197	0	200
1051	0	1255
1051	5	1599
3617	0	3873
4106	0	4114
4924	1	4925
780	0	796
5248	5	380
5701	0	5810
1051	0	2423
2952	0	3396
2613	0	2827
2613	5	2942
5248	0	5405
1051	4	2313
1051	5	1720
1053	0	1518
4106	0	4235
3824	0	3906
317	5	930
317	0	357
2613	0	2719
5248	0	5526
5556	0	630
140	0	147
4833	0	4981
317	3	776
1830	2	1812
466	4	470
5701	0	6052
317	0	707
2613	0	2840
4106	4	4182
1051	0	1618
1051	5	1962
5015	0	5105
3617	0	4007
1053	0	1531
1535	2	1532
4833	0	5102
5653	1	5652
5588	2	5592
317	0	599
3617	0	2960
3617	5	3792
1051	0	1739
4833	0	5223
3639	0	3891
317	0	720
1051	0	1860
1051	5	2204
4833	0	5115
4476	0	4687
317	0	841
2613	0	988
5701	5	5712
1051	0	1981
2952	0	2954
1051	0	1752
2428	4	958
4476	0	4808
4476	0	4579
1035	0	2917
1051	3	2171
1051	0	2102
2952	0	3075
2952	5	3153
4833	0	1156
2613	5	2621
5531	5	5669
801	2	317
3652	2	3669
5701	0	12
498	0	157
1051	0	1055
1051	5	1170
4476	0	4700
228	0	217
5531	0	77
5701	5	5725
1051	0	2223
2952	0	3196
1051	0	1994
4106	5	996
317	5	380
5701	0	133
1051	5	1291
4476	0	4821
2428	0	2434
1051	0	129
2952	0	3088
2952	5	3166
4476	5	4643
5531	0	5567
5701	0	254
1051	0	1068
3617	0	3686
262	1	263
2364	0	2375
2428	0	2555
5701	5	5967
2952	0	3438
1051	0	2236
2952	0	3209
1051	0	21
5248	1	5443
5531	0	5688
11	0	18
498	0	520
4106	0	4277
718	2	715
3617	0	3807
4106	5	4392
451	0	646
2952	0	3559
2952	0	3330
317	0	399
3263	2	2989
5701	0	267
5701	3	6163
1051	0	1310
4106	0	4169
3617	0	3699
2617	0	2702
1270	1	2010
5701	0	5865
5701	5	5980
5701	0	1435
1050	5	317
2952	0	3451
2952	0	1465
5555	2	5531
317	5	635
75	0	76
2613	0	2653
5248	0	5460
5248	0	3245
570	7	729
4833	3	4984
1051	0	1431
1051	5	1775
3617	0	4049
1051	5	1546
3617	0	3820
4833	0	4915
2952	0	1586
2952	0	3572
317	0	412
2613	0	2774
1135	0	1140
1051	5	1896
4106	0	4411
803	2	317
1051	5	1667
3617	0	3941
5701	0	6107
2625	10	447
5701	0	5878
5701	0	5060
5248	0	5473
144	2	152
4415	0	4443
1051	0	1673
1051	0	1444
1051	5	1788
4833	0	5157
4833	0	4928
248	0	254
317	5	998
1051	0	1794
1467	4	334
1051	0	1565
1051	5	1909
4106	0	4424
3130	0	3129
4833	0	5049
5701	0	6120
5447	4	475
1051	5	1091
4499	1	4498
4476	0	4621
153	0	163
317	5	890
1051	3	2213
5033	2	5018
2878	0	2880
1051	0	1686
2952	5	2966
4894	2	4923
4833	0	5170
170	0	176
317	0	896
4476	0	4513
991	1	1009
450	2	317
2672	0	1251
5248	0	3850
1051	0	2036
2952	0	3009
1051	0	1807
5239	0	5240
4328	0	4378
5170	0	5186
1079	4	870
455	5	317
317	0	1017
3617	0	3378
2428	0	2476
1536	2	1051
4833	4	4888
5248	5	5254
1051	5	1225
3926	2	3921
4476	0	4755
317	0	909
2428	0	2597
1051	0	2049
1051	5	2393
2952	0	3022
4607	0	4604
5248	5	5375
2673	0	2685
5701	0	188
3617	0	3620
317	0	1030
2428	0	2489
1051	0	2170
2952	0	3143
2486	0	2027
1051	4	2289
2428	5	2540
1051	0	1123
3617	0	3741
4476	0	4768
2952	5	2174
317	0	333
2952	5	3342
2613	0	2695
5248	0	5273
3914	0	3210
2673	0	2698
5701	0	201
217	0	247
1051	0	1244
4106	0	1888
3617	0	3633
5701	0	5799
3859	2	3857
1051	0	2412
2952	0	3385
2952	5	3234
2613	0	2816
2613	5	2931
5248	0	5394
5531	0	5635
5248	5	5509
1051	0	1365
1051	5	1709
1051	5	1480
4106	5	4339
4833	0	4849
5701	0	5920
2952	0	3506
2613	0	2708
5248	0	5515
5248	0	5286
2407	4	2424
197	0	202
1051	0	1257
1051	5	1601
3617	0	3875
5701	0	6041
780	0	798
5096	0	4857
5701	0	5812
2952	0	3398
2952	5	3476
2613	0	2829
2613	5	2944
5248	0	5407
1051	0	1378
317	3	886
3824	0	3908
296	0	297
2613	1	2909
4894	0	4919
5248	0	5528
2631	8	475
5531	0	3783
1051	0	1728
140	0	149
4833	0	4983
5701	0	6054
660	1	653
317	0	709
5531	4	5595
1051	0	1620
2952	0	2593
3617	0	4009
4833	0	5104
1152	1	1150
3057	0	1072
317	0	601
126	0	29
3617	5	3794
2613	0	977
1051	0	1741
1051	5	2085
4833	0	5225
3639	0	3893
317	0	951
4476	0	4568
317	0	722
2428	0	195
1051	0	1862
3178	0	3182
4476	0	4689
317	0	843
2428	0	316
5701	5	5714
1051	0	1983
2952	0	2956
5248	5	5309
4147	0	3265
159	2	154
2952	0	3077
1051	0	1875
2613	5	2623
5248	5	5430
5531	5	5671
5701	0	243
1051	0	1057
1051	5	1172
4476	0	4702
854	1	317
5556	0	5559
5248	5	4383
5701	5	5956
5701	5	5727
1051	0	2225
2952	0	3198
1051	0	1996
5701	0	135
459	5	474
4106	5	4381
1051	5	1293
4106	5	4152
4476	0	4823
1051	3	2415
4147	0	4446
5248	0	5328
5531	0	5569
5701	0	256
381	2	348
1051	0	1070
3617	0	3688
4476	0	743
2364	0	2377
5701	0	5854
5701	5	5969
1051	0	2238
2952	0	3211
3328	2	3329
3636	2	3617
1051	3	1718
4476	0	1682
193	0	195
2428	2	2603
4799	0	2592
5248	1	5445
5248	0	5449
5531	0	5690
11	0	20
498	0	522
1051	0	1420
4106	0	4279
3617	0	3809
2952	0	3561
1051	0	2359
2952	0	3332
317	0	401
2952	5	3410
2613	0	2763
2988	0	3397
4106	0	4400
5701	3	6165
1051	0	1312
3617	0	3930
4106	0	4171
3617	0	3701
2617	0	2704
4476	0	985
4833	0	595
5701	0	5867
5531	0	334
2952	0	3453
75	0	78
2613	0	2884
2361	5	2363
5248	0	5462
5298	1	5299
1051	0	1433
1051	5	1777
3617	0	4051
3953	4	3954
4106	0	4292
4833	0	4917
4244	4	4121
4189	8	4198
2952	0	3574
317	0	414
2613	0	2776
3240	0	2023
1051	5	1898
4106	0	4413
1051	5	1669
3617	0	3943
5701	0	6109
317	0	764
1051	1	1375
1959	4	648
3617	0	4064
4833	0	5159
4833	0	4930
316	0	2581
317	0	885
3617	2	3844
3478	2	922
4833	0	4112
5248	4	871
4301	0	4316
1051	0	1796
1051	5	1911
4833	0	5051
5701	0	6122
4476	0	4623
2428	0	21
2613	3	2619
1051	5	2261
1051	0	1688
318	0	336
2952	5	2968
4833	4	447
1051	8	1283
4833	0	5172
653	5	272
170	0	178
1051	5	1214
4476	0	4744
317	0	898
4476	0	4515
113	3	117
317	5	1013
3617	5	3862
2677	3	2098
5248	3	5318
2952	0	3011
1051	0	1809
5531	5	5605
5170	0	5188
3617	4	870
4106	5	4194
317	0	1019
2428	0	2478
5378	0	5390
2952	0	3132
1051	0	1930
4833	4	4890
5423	2	2020
2428	5	2529
5701	0	69
1051	0	1112
3287	0	3299
1051	5	1227
4476	0	4757
2428	0	2599
1051	0	2280
2952	0	3024
317	5	437
5586	2	5587
2673	0	2687
5701	0	190
217	0	236
223	2	217
1051	0	1233
3617	0	3622
4106	5	4207
317	0	1032
2428	0	2491
5701	5	1473
2952	0	3374
2952	0	3145
5531	0	5624
5248	5	5498
2428	5	2542
4106	0	4213
3480	2	922
2952	0	3495
1051	0	2293
2952	0	3266
2613	0	2697
2613	5	2812
5248	0	5275
5701	0	203
1051	0	1246
1051	5	1590
4106	5	4449
4833	5	5074
3611	0	3613
5701	0	5801
2952	0	3387
1051	0	199
2613	0	2818
5248	0	5396
5531	0	5637
317	4	871
1051	0	1367
1051	5	1711
3144	2	2952
1051	5	1482
3617	0	3756
3617	0	3985
4106	5	4341
4833	0	4851
5701	0	5922
76	0	164
2952	0	3508
317	0	577
317	0	348
5701	2	5702
2613	0	2710
5248	0	5517
5248	0	5288
2524	4	2428
3823	0	29
1051	5	1603
3617	0	3877
4833	0	4972
3127	2	2952
5701	0	6043
780	0	800
5701	0	5814
1051	5	785
4476	0	4086
2613	0	2831
5248	0	5409
2952	0	596
1051	0	1380
1051	5	1724
3617	0	3998
4833	0	5093
317	3	888
3824	0	3910
4476	3	4707
913	0	912
1051	0	1730
1051	5	1845
140	0	151
4833	0	4985
5701	0	6056
4476	0	4557
4833	5	4282
1051	0	1851
1051	0	1622
1647	2	1051
4833	0	5106
3617	5	3796
2428	0	76
4134	2	4133
1051	0	1743
1051	5	2087
3639	0	3895
317	0	953
4476	0	4570
317	0	724
2811	2	2613
5701	0	3265
1261	5	1737
5198	2	4112
2952	0	3066
1051	0	1864
684	0	2536
317	0	845
2613	4	2912
2428	0	2533
3617	5	4038
5248	0	1813
5701	5	5716
2952	0	3187
1051	0	1985
2952	0	2958
2952	0	743
2613	5	2733
5701	0	124
5701	5	468
4106	5	4141
317	0	966
4476	5	4634
2613	5	2625
5248	5	5432
5531	5	5673
5701	0	245
5701	0	16
1051	0	1059
5556	0	5561
5701	5	5958
5701	5	5729
1051	0	2227
2952	0	3200
1051	0	12
1051	5	2342
4106	0	2871
317	5	384
5701	0	137
4106	5	4383
1051	5	1295
4106	5	4154
4476	0	4825
2613	0	2752
5248	0	5330
5531	0	5571
2988	0	3386
4106	0	4160
3617	0	3690
2021	3	1157
5701	0	5856
5701	5	5971
2952	0	3442
1051	0	2240
4507	0	4524
3059	0	3083
5248	0	5451
5531	0	5692
498	0	524
1051	0	1422
1051	5	1766
1051	0	1193
3617	0	3811
4106	0	4281
4833	5	5021
185	1	264
2952	0	3563
317	0	403
2952	5	3412
2613	0	2765
37	0	42
4106	0	4402
1051	0	1314
1051	5	1658
4106	3	4407
5701	0	6098
5701	0	5869
2952	0	3455
2613	0	2886
5248	0	5464
1051	0	1435
1051	5	1779
3617	0	4053
4106	0	4294
2535	4	958
4833	0	4919
4833	5	5034
4109	1	544
2952	0	3576
317	5	989
1051	3	2083
2952	3	3581
5701	5	857
230	0	217
1051	5	1900
4106	0	4415
1870	2	1051
3617	0	3945
5109	2	4924
4833	0	5040
5701	0	6111
317	0	766
317	0	537
3617	0	2898
2613	0	2899
3617	4	3771
5701	1	5932
1051	0	1677
4476	0	3336
3617	0	4066
679	2	680
4833	0	5161
2613	0	2081
3617	5	468
3823	0	3830
4476	0	4504
1051	3	2096
3058	0	3082
78	0	94
1051	0	1798
1051	5	1913
350	0	378
4833	0	5053
459	5	276
1051	5	1095
1051	4	870
4476	5	4676
318	0	338
3617	0	2093
68	2	69
459	6	622
4833	0	5174
2613	0	2094
5701	0	58
170	0	180
5132	0	5152
1051	5	1216
4476	0	4746
317	0	900
4476	0	4517
113	3	119
2952	0	3013
3617	5	831
5248	5	5366
5531	5	5607
5170	0	5190
317	0	1021
4476	0	4638
2428	0	2480
5378	0	5392
2952	0	3134
1051	0	1932
2952	5	2983
2952	3	3139
5701	0	300
5701	5	2630
5701	0	71
1051	5	1458
1051	5	1229
4476	0	4759
3727	0	3755
2428	0	2601
1051	0	2282
2952	0	3255
317	5	439
4476	5	4810
232	0	217
4476	5	380
4106	1	4319
2673	0	2689
5701	0	192
217	0	238
1051	0	1235
4106	5	4438
4833	5	4834
5701	0	5790
1051	0	2403
2952	0	3376
2952	0	3147
4106	5	1176
5248	0	5385
5531	0	5626
5248	5	5500
1051	0	1356
4106	0	4215
1051	0	1127
1051	5	1471
5701	0	5911
5170	0	2291
2952	0	3497
1051	0	2295
2952	0	3268
2613	0	2699
4476	4	4827
4106	0	4336
1051	0	1248
3617	0	3866
4106	0	4107
3617	0	3637
4106	5	4451
5202	0	3155
780	0	789
5701	0	5803
2952	0	3389
3617	0	604
3617	5	3651
2613	0	2820
2613	5	2935
5248	0	5398
5531	0	5639
1051	0	1369
3617	0	3987
3617	0	3758
4444	0	4443
4833	0	4853
5701	0	5924
76	0	166
1063	0	1064
2952	0	3510
317	0	579
317	0	350
2613	0	2712
5248	0	5519
4476	0	1163
1051	5	1605
3617	0	3879
4833	0	4974
4833	0	544
5701	0	6045
317	0	700
5701	4	273
2613	0	2833
3639	0	2595
3617	0	4000
2952	5	447
4833	0	5095
317	0	821
1051	0	1732
866	3	346
1051	5	1847
2381	2	2365
2953	0	743
4833	0	5216
4833	0	4987
5701	0	6058
5701	5	2201
4476	0	4559
317	0	713
4476	0	129
4605	4	4610
3617	3	1093
5701	5	5355
1051	0	1853
1051	5	2197
1051	0	1624
4067	1	5076
405	0	3854
4833	0	5108
1056	1	1053
4476	0	4680
155	1	154
4106	0	2618
1051	0	1745
1051	5	2089
4476	5	4502
4476	0	4801
4476	0	4572
2145	2	1051
1051	0	2095
2952	0	3068
4476	0	3525
3617	5	4040
2428	0	2535
5261	5	5264
5701	5	5718
1051	0	2216
2952	0	3189
1051	0	1987
2952	0	2960
2613	5	2735
5701	0	126
4476	0	4814
4476	5	4636
2613	5	2627
5248	5	5434
5531	5	5675
4106	0	4149
1051	0	1061
3617	0	3679
2613	0	1465
5701	5	5960
2952	0	3431
1051	0	2229
2952	0	3202
317	5	386
483	2	459
2952	3	3436
1051	1	653
5701	0	139
1718	1	1659
4106	5	4385
2671	4	2613
317	0	392
154	0	157
4650	2	4476
2613	0	2754
5248	0	5332
5531	0	5573
5701	0	260
4106	0	4162
3617	0	3692
4833	5	5131
5701	0	5858
5701	5	5973
2952	0	3444
317	0	513
2952	5	3522
4813	2	4832
1051	3	1722
2613	0	2875
3059	0	3085
2613	0	2646
5248	0	5453
5531	0	5694
1051	0	1424
1051	5	1768
1051	5	1539
3617	0	3813
4106	5	4398
4833	0	4908
4924	1	5094
675	5	676
2952	0	3565
317	0	405
2952	5	3414
2613	0	2767
37	0	44
6159	1	5701
2988	0	3401
1051	5	1889
4106	0	4404
3617	0	3934
4833	0	5029
5248	2	5391
5701	0	6100
5701	0	5871
3207	2	1064
4470	2	4106
317	5	870
5340	2	5319
2613	0	2888
5248	0	5466
3141	1	3146
1051	0	1437
1051	5	1781
3617	0	4055
4106	0	4296
4833	0	5150
317	3	945
4833	5	3050
4476	0	4493
2952	0	3578
1637	3	1659
544	1	4108
1051	0	1558
1051	5	1902
4106	0	4417
4833	0	5042
2366	1	2364
4132	2	4133
5701	0	6113
1051	0	740
317	0	768
5701	20	5947
1051	0	1679
3586	1	2992
4833	0	5163
4476	0	4506
1051	3	2098
5308	2	5292
2952	0	3002
1051	0	1800
2677	0	2020
2428	0	1072
1051	5	1097
2952	0	3123
318	0	340
2952	5	2972
459	6	624
5701	0	60
3824	0	21
1051	5	1218
4476	0	4748
317	0	902
2428	0	2590
2952	0	3244
1051	0	2042
2952	0	3015
3373	2	2952
5248	5	5368
1051	5	1339
317	0	1023
4833	0	2264
2428	0	2482
2952	0	3136
4476	5	4691
5248	5	5489
5701	0	302
5701	0	73
1051	5	1460
3617	0	3734
1051	5	1231
4476	0	4761
1051	0	2284
2952	0	3257
317	0	326
4476	5	4812
2613	0	2688
4106	1	4321
2673	0	2691
5701	0	194
217	0	240
1051	0	1237
3617	0	3626
571	1	572
4504	0	4809
5701	0	5792
1051	0	2405
2952	0	3378
2952	0	1163
1051	0	2176
3617	0	593
1975	2	1951
5248	0	5387
5531	0	5628
5248	5	5502
1051	0	1358
1051	5	1702
4106	0	4217
1051	0	1129
1051	5	1473
2919	1	2920
5701	0	5913
2952	0	3499
1442	1	1415
317	5	683
2613	0	2701
5248	0	5508
4476	4	4600
4106	0	4338
197	0	195
1051	0	1250
3617	0	3868
4106	0	4109
4106	5	4453
4833	0	2748
5701	0	6034
4833	5	648
780	0	791
5701	0	5805
1051	0	2418
2952	0	3391
2613	0	2822
5531	0	5641
1051	0	1600
1051	0	1371
3617	0	3989
4106	0	4230
4833	0	4855
4833	5	5199
5701	0	6155
76	0	168
2952	0	3512
317	0	581
317	5	925
1051	3	2019
4894	0	4912
5248	0	5521
1051	5	1836
4106	0	4351
3617	0	3881
4833	0	4976
5080	1	5085
3617	3	3886
1051	4	1611
4328	0	4292
5701	0	6047
317	0	702
2952	0	1418
126	0	130
1051	1	1084
1051	3	1093
1053	0	1526
4833	0	5097
317	0	823
317	0	594
1051	0	1734
4833	0	5218
2428	0	1235
4833	0	4989
317	0	944
3617	0	3305
4476	0	4561
317	0	715
5668	2	5531
5701	0	1041
1051	0	1855
4833	0	5110
4476	0	4682
317	0	836
5701	5	5707
1051	5	2091
4476	5	4733
3617	5	996
4833	0	5231
2613	0	165
1135	0	517
5701	0	115
5701	5	4431
4476	0	4803
4545	0	4564
2952	0	3070
2952	5	3148
5701	0	236
5701	0	7
4106	5	4253
4476	0	4695
2428	0	2537
215	2	1418
5701	5	5720
1051	0	2218
2952	0	3191
1051	0	3
5248	4	475
2613	5	2737
5701	0	128
4476	0	4816
1051	0	2339
2952	5	1175
5248	0	5321
2613	5	2629
5701	0	249
1051	0	1063
3617	0	3681
2952	5	2114
2364	0	2370
5701	0	5847
5701	5	5962
5248	5	2174
2952	0	3433
1051	0	2231
2952	0	3204
317	5	388
4150	0	4440
5531	4	958
5531	0	5683
11	0	13
1051	0	1413
2952	0	3554
317	0	394
5248	0	5334
5531	0	5575
4106	0	4164
3617	0	3694
5701	0	5860
4862	2	4850
2952	0	3446
317	0	515
2952	5	3524
2613	0	2648
5248	0	5455
5531	0	5696
11	0	255
267	1	266
1051	0	1426
1051	5	1770
3617	0	3815
3617	0	4044
4833	0	4910
2952	0	3567
317	0	407
882	0	2727
2613	0	2769
1051	0	1547
1051	5	1891
4106	0	4406
3617	0	3936
2986	0	3311
4833	0	5031
5377	3	5402
4833	0	601
5701	0	6102
3639	0	3928
3824	0	3848
210	0	211
317	0	757
317	5	872
2613	0	2890
3617	0	4057
4833	0	5152
248	0	249
317	5	993
5701	0	746
1051	5	2133
1051	5	1904
5353	2	5248
465	4	472
4833	0	5044
5701	0	6115
317	4	475
1051	5	1086
4476	0	4616
317	0	770
1051	5	857
1051	0	1681
1051	3	1161
4833	0	5165
170	0	171
4476	0	4737
4476	0	4508
1051	3	2100
1051	0	2031
2952	0	3004
1051	3	1282
2617	3	2674
4328	0	4373
1051	0	2970
4476	0	4629
2428	0	2471
5378	0	5383
1051	0	2152
2952	0	3125
318	0	342
5248	5	5249
3823	0	3847
5701	0	62
1051	0	1105
1051	5	1220
4476	0	4750
317	0	904
2428	0	2592
2952	0	3246
1051	0	2044
1051	5	2388
2952	0	3017
1051	3	1524
5248	5	5370
2428	0	2484
2952	0	3367
2952	0	3138
76	0	3177
5531	5	3746
1051	4	2055
5701	0	304
5701	5	648
1051	5	1462
3617	0	3736
2953	0	129
2428	0	2605
1051	0	2286
2952	0	3259
317	0	328
4106	0	715
2613	0	2690
5248	0	838
224	2	217
2672	3	2674
2673	0	2693
5701	0	196
1051	0	1239
3617	0	3628
4833	5	4838
5701	0	5794
1051	0	2407
2952	0	3380
3617	0	595
5248	0	5389
3087	2	3058
5248	5	5504
1051	0	1360
3617	0	3978
4106	0	4219
1051	5	1475
4833	0	4844
5701	0	5915
2952	0	3501
510	0	503
2613	0	2703
5248	0	5510
5248	0	5281
3617	0	3870
4106	5	4455
4833	0	4965
4107	1	4124
5701	0	6036
76	0	278
780	0	793
5701	0	5807
1051	0	2420
317	0	462
317	5	806
2613	0	838
2613	0	2824
1051	0	1373
4833	0	4857
317	0	583
317	5	927
1051	3	1792
5248	0	5523
184	0	188
1051	0	1723
1944	0	1945
4106	0	4353
4833	0	4978
4833	0	2763
5080	1	5087
5701	0	6049
292	2	289
317	0	704
271	4	273
1051	0	1844
1051	0	1615
1051	5	1959
3617	0	32
4833	0	5099
3617	4	447
317	0	825
5701	2	5950
1051	0	1736
4833	0	5220
5171	2	5192
5238	2	4925
317	0	946
317	0	717
4545	0	4553
2210	8	1350
2952	0	3059
1051	0	1857
1051	5	2201
2952	3	3064
76	0	4855
5248	5	2968
5701	5	111
4476	0	4684
317	0	838
1261	0	1736
5701	5	5709
2952	0	3180
4476	5	4735
2952	3	3185
1951	1	1950
4833	0	5233
4476	0	4805
4510	0	4525
4545	0	4566
2952	0	3072
2952	5	3150
3883	4	2327
2428	0	1600
5531	5	5666
5701	0	238
1051	0	1052
3617	0	3670
4444	2	4465
1051	5	1167
4476	0	4697
2613	4	932
2428	0	2539
780	0	593
5701	5	5951
5701	5	5722
1051	0	2220
3099	4	649
2952	0	3193
4467	2	4147
2613	5	2739
5701	0	130
4476	0	4818
4106	4	475
2613	3	2814
4163	1	882
2952	5	3163
2613	0	2745
4476	5	439
5248	0	5323
2988	0	3379
5701	0	251
1051	0	1065
3617	0	3683
4833	5	4893
2364	0	2372
5701	0	5849
76	0	91
5701	5	5964
2952	0	3435
1051	0	2233
4799	0	4802
5531	0	5685
5701	5	2931
11	0	15
498	0	517
1051	0	1415
4106	0	4274
3617	0	3804
4568	0	4574
4106	5	2174
451	0	643
2952	0	3556
2952	0	3327
317	0	396
154	0	161
2613	0	2758
5531	0	5577
199	21	5701
4106	0	4395
5701	3	6160
5701	0	6091
5701	0	5862
5248	0	88
3142	1	1418
2952	0	3448
317	5	861
4813	2	4836
3617	5	3710
2613	0	2879
136	0	137
5248	0	5457
5531	0	5698
11	0	257
1051	0	1428
1051	5	1772
3617	0	4046
3617	0	3817
4833	0	4912
5531	0	4880
2952	0	3569
317	0	638
317	0	409
317	5	753
3617	5	3831
1135	0	1137
3285	0	3298
1051	0	1549
1051	5	1893
4106	0	4408
3617	0	3938
5195	2	5172
2986	0	3313
5701	0	6104
210	0	213
317	0	759
2631	8	2632
4833	0	5154
317	3	949
4833	0	4925
653	1	1532
248	0	251
317	0	880
317	5	995
4107	3	4130
1051	5	2135
1051	5	1906
4476	5	4548
4833	0	5046
485	2	459
317	0	1001
1051	5	1088
4476	0	4618
317	0	772
5701	3	120
4833	0	5167
4930	1	4928
170	0	173
3302	1	1418
4476	0	4739
317	0	893
4476	0	4510
4476	3	4781
1051	0	2033
2952	0	3006
5248	5	5359
5531	5	5600
4328	0	4375
3262	2	2987
1051	5	1330
4106	5	4189
317	0	1014
4476	0	4631
2428	0	2473
1051	0	2154
5194	2	5171
318	0	344
269	1	268
1051	0	1107
1051	5	1451
5132	0	5158
1051	5	1222
4476	0	4752
1051	3	2344
2428	0	2594
5531	0	129
1051	0	2046
1051	5	2390
5248	0	5257
5248	5	5372
5701	0	185
1051	5	1343
5701	0	5783
2428	0	2486
5531	0	21
1051	0	2396
2952	0	3140
3928	1	3929
317	5	324
5531	0	5619
76	0	3179
5701	0	306
1051	0	1349
1051	0	1120
3617	0	3738
2952	0	3261
317	0	330
2613	0	2692
2613	5	2807
4106	0	4329
217	0	244
1051	0	1241
2952	0	2214
3617	0	3630
3617	3	3635
4833	5	4840
5701	0	5796
670	4	475
2952	0	3611
1051	0	2409
2952	0	3382
317	0	451
4106	0	838
1051	3	1660
3617	5	3644
542	0	545
2613	5	2928
5701	0	2763
5531	0	5632
1051	0	1362
1051	5	1706
3617	0	3980
4106	0	4221
4833	0	4846
5701	0	5917
2952	0	3503
317	0	572
2613	0	2705
5248	0	5512
3617	0	4101
1051	5	1598
4833	0	4967
5701	0	6038
76	0	280
511	0	533
317	0	693
317	5	808
2613	0	2826
1063	0	1070
2397	1	2398
498	1	527
5248	0	5525
1051	4	447
3788	1	3796
184	0	190
1051	0	1725
1051	5	2069
4833	0	5209
4833	0	4980
5701	0	6051
11	2	105
317	0	706
271	4	275
1382	4	1376
1051	0	1617
1051	5	1961
3617	0	2020
5070	2	5064
4833	0	5101
4476	0	4673
1051	0	1967
670	5	672
1051	5	2082
4833	0	5222
5531	5	5534
498	0	22
4476	0	4794
317	0	948
4545	0	4555
1051	0	1859
1051	5	2203
4106	0	517
2613	0	2263
2428	5	2458
5073	0	5113
4476	0	4686
5228	2	5202
670	4	4476
5701	5	5711
2952	0	3182
2952	0	2953
317	0	22
3617	0	2383
4106	5	2968
4106	0	4021
4476	0	4807
4476	0	2592
1051	0	2101
2952	0	3074
4106	1	4367
5531	0	5553
2613	5	2620
5701	0	240
2669	2	2613
1051	0	1054
3617	0	3672
3617	3	3677
5701	5	5953
2613	3	2924
5531	0	76
5701	5	5724
1051	0	2222
2952	0	3195
154	0	29
5248	5	4501
5701	2	141
1553	4	1051
2952	0	3316
231	0	217
3617	5	1363
2613	0	2747
5248	0	5325
5531	0	5566
2988	0	3381
5701	0	253
3617	0	3914
3617	0	3685
2428	4	273
2364	0	2374
5701	0	5851
5701	5	5966
2952	0	3437
317	0	506
4106	0	3108
442	2	402
2613	0	2868
4086	0	4857
1051	0	1417
4106	0	4276
3617	0	3806
4106	5	4391
4568	0	4576
4833	0	4901
2430	2	2449
2428	0	689
2952	0	3558
317	0	398
5701	5	5269
2426	2	2400
5701	3	6162
5701	0	6093
5096	0	4909
5701	0	5864
3617	5	3712
2613	0	2881
5248	0	5459
3614	2	3602
11	0	259
5248	3	4710
1051	0	1430
1051	5	1774
3617	0	4048
4833	0	4914
4476	0	4486
2952	0	3571
1080	4	870
218	2	217
1051	3	1849
3617	5	3833
1135	0	1139
2672	1	2617
1051	0	1551
1051	5	1895
4106	0	4410
2986	0	3315
5701	0	6106
5248	5	447
317	0	761
5531	5	2085
4415	0	4442
4833	0	5156
248	0	253
317	0	882
317	5	997
1051	0	1793
1051	5	2137
317	0	1003
1051	5	1090
4476	0	4620
317	0	774
153	0	162
2428	0	2462
4004	1	4005
4833	5	4345
2952	0	3116
674	1	670
2952	5	2965
4833	0	5169
2613	5	447
5701	0	53
170	0	175
1051	5	1211
4476	0	4741
317	0	895
5248	3	5315
1051	0	2035
4476	5	4792
196	0	195
5248	5	5361
1051	4	1925
5531	5	5602
1051	5	1332
1051	0	988
1051	0	2974
317	0	1016
4476	0	4633
2428	0	2475
2613	0	1163
3441	1	1430
1051	0	2156
2952	0	3129
2463	1	5302
729	3	730
5701	0	66
1051	0	1109
1051	5	1453
1051	5	1224
4476	0	4754
108	2	109
1051	3	2346
2428	0	2596
1051	0	2048
1051	5	2392
2613	0	2681
4833	3	5012
2673	0	2684
4106	5	4433
3617	0	3619
5701	0	5785
1051	0	2398
2952	0	3371
2952	0	1156
1051	0	2169
4951	2	4947
1133	2	1136
5248	0	5380
1051	4	2288
76	0	3181
5531	0	5621
5701	0	308
1051	0	1351
4106	0	4210
1051	0	1122
3617	0	3740
4833	0	405
4833	5	2735
5701	0	5906
2952	0	3492
317	0	332
317	5	447
2613	0	2694
4106	0	4331
217	0	246
1051	0	1243
1051	5	1587
5701	0	6027
5701	0	5798
2952	0	3613
1051	0	2411
2952	0	3384
283	1	264
3617	5	3646
2613	0	2815
2491	1	2515
2613	5	2930
5248	0	5393
5531	0	5634
1051	0	1364
1051	5	1708
3617	0	3982
5032	2	5018
4833	0	4848
5701	0	5919
2952	0	3505
317	0	574
317	5	918
5248	0	5514
1059	2	1083
3617	0	4103
3617	0	3874
4833	0	4969
2018	3	2017
4107	1	4128
5701	0	6040
317	0	695
5405	1	5406
3617	0	841
3617	5	3888
2613	0	2828
2952	0	593
4833	0	5090
317	0	816
1959	4	929
5588	4	5589
184	0	192
1051	0	1727
1051	5	2071
4833	0	5211
4833	0	4982
317	0	937
317	0	708
4106	4	4183
1051	5	1963
4850	0	4871
2365	1	2364
4833	0	5103
1823	1	1824
4476	0	4675
1051	0	1969
1051	0	1740
1051	5	2084
4833	0	5224
5531	5	5536
79	0	90
98	2	83
5701	0	2094
459	5	447
1051	0	922
4476	0	4796
317	0	950
2613	8	2907
1051	0	1861
1051	5	2205
5701	0	0
4106	5	4246
4476	0	4688
4860	2	4856
5701	5	5713
5248	3	5491
1051	0	2211
2952	0	3184
1051	0	1982
1051	5	111
5701	0	121
1051	0	1164
1051	0	2332
2952	0	3305
4476	0	1547
181	2	182
5248	0	5314
2613	5	2622
4476	4	4635
5531	5	5670
1051	0	1285
4106	0	4144
1051	0	1056
3617	0	3674
55	0	57
5701	5	5955
2952	0	3426
1051	0	2224
2952	0	3197
4106	0	882
3116	0	77
5531	0	5676
1051	0	1406
4106	0	4265
5531	3	5681
4106	5	4380
1051	1	1816
4833	5	5005
2952	0	3547
317	5	731
2613	0	2749
5248	0	5327
5531	0	5568
2988	0	3383
1051	0	1298
3617	0	3916
3617	0	1701
3617	0	3687
2364	0	2376
5701	0	5853
5701	5	5968
5701	5	1767
2952	0	3439
317	0	508
4507	0	4521
317	0	279
2613	0	2870
4401	0	4439
5248	0	5448
5531	0	5689
1051	0	1419
1051	5	1763
3617	0	4037
3617	0	3808
4106	0	4278
3617	3	4042
4833	0	4903
2952	0	3560
317	0	629
1532	0	1528
317	0	400
4833	0	3856
2988	0	3396
4106	0	4399
4476	5	2082
4833	0	5024
5701	0	6095
3639	0	3921
317	0	750
390	0	708
2613	0	2883
2613	5	1012
5248	0	5461
3617	0	4050
1051	5	1776
4833	0	5145
4833	0	4916
5531	0	2898
4476	0	4488
317	0	642
4476	5	927
1051	5	2126
2560	4	2584
3240	0	2022
1051	0	1553
1051	5	1897
5701	0	6108
317	4	468
1051	5	1079
317	0	763
3651	4	3105
3617	5	3956
1051	0	1674
652	1	653
4833	0	5158
5248	5	570
4476	0	4730
317	0	884
3617	2	3843
4925	0	4857
3941	0	3950
1051	0	2024
1051	0	1795
1051	5	2139
1974	2	1051
5172	3	5012
5260	0	5253
317	0	1005
1051	5	1092
2428	0	2464
2952	5	2967
5701	0	55
1051	0	1098
1051	5	1213
317	0	897
3727	0	3739
5072	16	165
5248	3	5317
1051	0	2037
2952	0	3010
2297	2	2260
5248	5	5363
5531	5	5604
5170	0	5187
317	0	1018
2428	0	2477
2952	0	3360
1051	0	2158
2952	0	916
4286	0	4289
5531	0	5610
5248	5	5484
2428	5	2528
5701	0	297
1051	0	1111
1051	5	1455
4600	8	4608
4833	0	394
2428	0	2598
4833	0	165
317	0	321
1051	5	2394
2613	0	2683
5248	5	1175
2673	0	2686
5531	0	1072
5701	0	189
217	0	235
1051	0	1232
3617	0	3850
4106	5	4435
3617	0	3621
3727	0	4102
2986	0	2767
5701	0	5787
1051	0	2400
2952	0	3373
4106	5	1173
193	0	128
2613	0	2804
5248	0	5382
1051	4	2290
5531	0	5623
1051	0	1353
1051	5	1697
4106	0	4212
2428	4	2545
5701	0	5908
2952	0	3494
1051	0	2292
317	0	334
719	2	715
2613	0	2696
5556	0	2593
5248	0	5274
4106	0	4333
1051	0	1245
1051	5	1589
5086	1	5089
5701	0	6029
5701	0	5800
1051	0	2413
3617	5	3648
4967	1	4969
2613	0	2817
5248	0	5395
3639	0	593
4508	0	4522
1051	0	1366
1051	5	1710
3617	0	3984
4833	0	4850
5701	0	6150
4275	0	1412
5701	0	5921
2952	0	3507
317	0	576
317	5	920
1051	0	319
2952	5	1599
1051	3	1785
5248	0	5516
1051	0	1716
4833	0	4971
5701	0	6042
4106	5	1657
317	0	697
2952	0	595
3617	0	3997
2362	5	2363
4833	0	5092
2926	2	2920
6042	21	5701
317	0	818
4476	3	4706
4894	0	4920
5248	5	3887
184	0	194
1051	5	2073
2953	0	2955
4833	0	5213
317	3	1008
3617	5	2735
1386	2	1356
317	0	939
4476	0	4556
317	0	710
3679	4	649
1051	0	1850
1051	5	2194
5425	2	5404
3945	0	3946
1823	1	1826
2428	0	2519
1051	5	2086
4476	5	4728
5180	0	5196
538	1	539
4106	1	4237
38	0	29
5531	5	5538
5701	0	110
4476	0	4798
317	0	952
4476	0	4569
1051	0	2092
2952	0	3065
5701	0	2
4476	0	4690
35	0	45
1133	0	1134
2428	0	2532
5701	5	5715
2952	4	447
2952	0	3186
1051	0	1984
1051	3	1464
2613	0	2617
2613	5	2732
1051	0	1166
4106	5	4140
3856	0	3857
1051	0	2334
113	0	115
5248	0	5316
5248	5	5431
5531	5	5672
5701	0	244
1051	0	1287
994	4	468
1051	0	1058
5424	2	2020
4833	5	4886
5701	0	5842
5701	5	5957
2952	0	3428
5248	3	5506
1051	0	2226
2975	1	2952
5248	0	5437
5531	0	5678
2460	1	2459
1051	0	1408
4106	0	4267
3617	0	3797
4106	5	4382
4106	3	4272
4833	5	5007
2952	0	3549
317	0	389
317	5	733
2613	0	2751
37	0	28
5248	0	5329
5404	1	5298
5531	0	5570
2988	0	3385
4106	0	4388
2616	0	2631
3617	0	3918
4106	0	4159
2364	0	2378
5701	0	5855
317	0	510
2952	5	3519
2613	0	2872
1534	2	1510
5248	0	5450
3652	0	3666
5531	0	5691
1051	0	1421
4106	0	4280
3617	0	3810
2952	0	3562
317	0	631
317	0	402
3617	0	2763
2613	0	2764
882	2	2731
4106	0	4401
3617	0	3931
2	0	4
4833	0	5026
5701	0	6097
3639	0	3923
145	1	146
2613	0	2885
3617	0	4052
640	2	459
1051	5	1778
4833	0	5147
4833	0	4918
5248	0	2430
4476	0	4490
5701	0	2956
1051	0	1784
1051	5	2128
1051	5	1899
4833	0	838
3097	1	3096
317	0	765
2952	5	1788
3617	5	3958
3617	4	3770
1051	5	2249
5701	1	5931
4106	0	334
4833	0	5160
5701	0	44
5644	2	5531
3774	0	3776
3058	0	3081
1051	0	2026
1051	0	1797
2613	0	2430
5701	0	165
5170	0	5176
317	0	1007
2428	0	2466
1051	0	2147
2952	0	3120
2430	1	4755
1051	5	2262
318	0	337
1051	0	1100
4106	5	4303
5132	0	5151
4476	0	4745
3727	0	3741
3617	5	4092
1051	0	2268
2952	0	3241
2952	0	3012
2952	5	3090
5248	0	5250
5248	5	5365
5531	5	5606
5531	0	5262
125	2	113
1985	4	1211
2452	4	958
160	2	154
5701	0	5776
2428	0	2479
2613	3	2862
2952	0	3362
2952	0	3133
1051	4	2279
5248	5	5486
2428	5	2530
5531	0	5612
5701	0	299
4106	0	4201
1051	5	1457
3617	0	3731
2428	0	2600
1051	0	2281
2673	1	2617
2952	0	3254
317	5	438
317	0	94
2613	0	2685
5248	0	5263
3824	0	2596
4106	0	4322
1051	0	1234
4106	5	4437
3727	0	4104
4833	5	5062
5800	21	5701
5701	0	5789
2952	0	3604
1051	0	2402
317	0	444
5248	0	5384
5248	5	5499
3652	0	1156
1051	0	1355
3617	0	3973
4106	0	4214
1051	5	1470
3316	0	3321
4833	5	5183
1695	4	650
5701	0	5910
2952	0	3496
317	0	565
2613	0	2927
2613	0	2698
3617	0	4094
1051	5	1820
4106	0	4335
3617	0	3865
4106	5	4450
4833	5	5075
5701	0	6031
5248	0	28
317	0	686
317	0	457
3617	5	3650
2613	0	2819
5248	0	5397
4508	0	4524
2952	0	2570
1051	5	1712
3617	0	3986
4833	0	4852
5701	0	6152
5701	0	5923
76	0	165
317	0	578
5248	0	5518
4833	0	5202
4833	0	4973
5701	0	6044
252	1	256
1538	2	1512
1418	0	2399
4476	0	4545
317	0	699
126	0	127
4476	3	4587
1051	0	1839
4833	0	5094
4476	0	4666
317	0	820
1051	0	1960
1051	0	1731
4833	0	5215
4065	3	4067
317	0	941
1051	0	684
4476	0	4558
1051	0	2081
1051	0	1852
1051	5	2196
4476	5	4609
484	2	459
4476	0	4679
5701	5	5704
1730	1	1731
2613	3	2675
2952	0	3175
4476	5	4501
38	0	31
5531	0	3210
5531	5	5540
5701	0	112
4476	0	4800
5492	0	5248
1309	2	1308
1051	0	2094
2952	0	3067
4476	5	4622
2546	0	2536
5531	0	5546
3126	2	2952
2428	0	2534
5701	5	5717
97	0	135
1051	0	2215
2952	0	3188
289	1	293
2613	5	2734
1944	5	1963
3617	0	3786
4106	5	4371
4476	0	4813
1051	0	2336
317	0	378
2613	0	2740
5248	5	5433
5531	5	5674
5701	0	246
1051	0	1289
2364	0	2367
5701	0	5844
5248	0	2056
5531	5	655
5701	5	5959
2952	0	3430
1051	0	2228
4896	0	4922
4545	1	5297
2613	0	2861
5248	0	5439
5531	0	5680
5701	0	596
1051	0	1410
4106	5	4384
4833	0	4894
4833	5	5009
4833	5	808
2952	0	3551
133	0	131
317	0	391
154	0	156
2613	0	2753
37	0	30
3264	0	2989
4361	2	4336
5248	0	5331
5531	0	1600
4106	0	4161
4958	2	4948
4833	5	5130
5701	0	6086
5701	0	5857
2952	0	3443
317	0	512
5248	2	129
2613	0	2874
5248	0	5452
5531	0	5693
1051	0	1652
1051	0	1423
1051	5	1767
4833	0	4907
2952	0	3564
317	0	633
37	0	43
5248	5	1487
4106	0	4403
260	1	301
2952	5	380
4833	0	5028
5701	0	6099
317	5	869
3617	5	3947
3141	1	3145
3374	2	2952
3617	0	4054
4833	0	5149
317	0	875
4476	0	4492
5701	0	743
2952	0	2988
1051	5	2130
5701	0	4126
317	0	767
2428	0	2455
2952	0	3109
2952	0	894
1051	5	2251
4476	5	4664
2613	5	2655
4833	0	5162
3774	0	3778
143	0	144
2952	0	1015
1051	0	2028
5248	5	5354
4339	8	475
2428	0	2468
2613	0	1156
1051	0	2149
2952	0	3122
2430	1	4757
4476	5	4677
318	0	339
5701	0	288
5701	0	59
1051	5	1217
4476	0	4747
113	3	120
2428	0	2589
5701	5	6001
1051	0	2270
2952	0	3243
3371	0	3406
5248	0	5252
5248	5	5367
317	4	956
5930	1	5701
4106	5	4426
1051	5	1338
5701	0	5778
2952	0	3364
3376	2	2952
5531	0	5614
5248	5	5488
5701	0	301
1051	0	1344
4106	0	4203
1051	0	1115
1051	5	1459
3617	0	3733
5701	0	5899
2952	0	3256
317	5	669
317	5	440
2613	0	2687
5248	0	5494
5248	0	5265
1051	0	1465
4106	0	4324
217	0	239
1051	0	1236
4107	1	4108
5701	0	5791
2952	0	3606
1051	0	2404
2952	0	3377
4476	5	731
2613	0	2808
2613	0	593
5248	0	5386
5531	0	5627
1051	0	1586
1356	2	1373
4106	0	4445
1051	0	1357
3617	0	3975
4106	0	4216
4833	5	5185
5701	0	5912
2952	0	3498
317	0	567
1051	5	654
317	5	682
5248	0	5507
4476	4	4828
3617	0	4096
4106	0	4337
5701	0	6033
317	0	688
317	0	459
4833	4	1176
2613	0	2821
2952	0	2801
3617	0	3988
4833	0	5083
4833	0	4854
5701	0	6154
317	0	809
317	0	580
66	3	67
1051	5	1835
4833	0	5204
4833	0	4975
2952	4	3337
317	0	701
126	0	129
1051	0	1841
3617	0	29
4833	0	5096
4476	0	4668
317	0	822
4476	3	4710
4833	5	4393
1051	5	2306
1051	0	1733
4833	0	5217
3962	2	3959
79	0	83
317	4	648
4065	3	4069
4106	5	4118
317	0	943
4476	0	4560
4545	0	4550
2952	0	841
1051	0	1854
1051	5	2198
2952	3	3061
2672	0	2695
5531	5	5650
4106	5	4239
4476	0	4681
1051	3	2273
3113	2	5558
5701	5	5706
673	1	670
2952	0	3177
5248	3	5255
2140	1	2168
4476	5	4732
38	0	33
5701	0	114
4476	0	4802
4545	0	4563
1051	0	2325
4863	2	4850
2952	0	3069
4476	0	3755
1051	3	1576
5378	1	5377
1051	0	1278
4959	2	4948
2428	0	2536
5531	5	2630
1051	0	2217
2952	0	3190
3617	0	405
2619	5	2634
2613	5	2736
2428	5	2587
2613	3	1872
4106	0	4258
2952	0	157
3617	0	3788
2952	0	3540
1051	0	2338
5248	0	5320
5248	5	5435
2569	0	2574
4106	0	4150
3617	0	3680
2468	2	2469
4833	5	5119
2364	0	2369
5701	0	5846
76	0	88
5701	5	5961
2952	0	3432
317	0	501
3290	2	1418
2613	0	2863
5531	0	5682
1051	0	1412
3617	0	4030
4833	0	4896
2428	0	684
451	3	645
3057	0	3079
2952	0	3553
317	0	393
154	0	158
2613	0	2755
37	0	32
5248	0	5333
4970	2	4833
4328	1	4329
5248	1	2525
4933	1	4931
515	2	536
4833	0	5017
5701	0	6088
5701	0	5859
1430	5	3034
317	0	514
317	5	858
2952	5	3523
5248	4	958
2613	0	2876
5248	0	5454
1051	0	1654
1051	0	1425
1051	5	1769
3617	0	4043
4833	0	5138
5319	0	5320
4833	0	4909
2364	0	517
4476	0	4481
2275	1	2276
1135	0	1134
780	1	787
1051	5	1890
4106	0	4405
2986	0	3310
4833	0	5030
4833	5	1173
5701	0	6101
317	0	756
317	5	871
3088	3	3089
3584	2	2952
5701	4	5927
4833	0	5151
1418	0	362
316	0	2573
317	0	877
2428	0	121
1051	2	2127
2952	0	2990
4476	0	4615
317	0	769
102	2	72
2952	0	3111
2613	5	2657
5701	0	48
225	2	217
1051	3	2328
2428	0	2578
1051	0	2030
2952	0	3003
3371	0	3395
4476	5	4787
1051	3	1281
5248	5	5356
299	1	300
1051	5	1327
2428	0	2470
1051	0	2151
2952	0	3124
4861	2	4850
5701	0	290
5701	0	61
1051	0	1104
3617	0	3722
1051	5	1219
2428	0	2591
95	1	96
1051	0	2272
2952	0	3245
2613	0	2676
5248	5	5369
317	4	958
5701	0	182
4106	5	4428
5701	0	5780
3824	0	3755
2952	0	3366
2613	1	2756
2613	0	2797
5531	0	5616
5342	2	5343
5701	0	303
1051	0	1346
4106	0	4205
1051	5	1461
3617	0	3735
5701	0	5901
4106	4	648
1051	0	2285
317	0	327
2613	0	2689
5248	0	5496
5248	0	5267
4106	0	4326
1051	0	1238
3617	0	3856
5701	0	6022
5701	0	5793
2952	0	3608
1051	0	2406
2613	0	2810
2613	0	595
5248	0	5388
5531	0	5629
1051	0	1588
4106	0	4447
1051	0	1359
3617	0	3977
4106	0	4218
5005	4	1363
4833	0	4843
5701	0	6143
5701	0	5914
2952	0	3500
1051	5	656
3617	0	4098
5701	0	6035
76	0	277
317	0	690
2952	5	1484
3617	5	3883
3617	0	3990
317	0	811
317	0	582
317	5	926
184	0	187
1972	2	1944
4833	0	5206
317	0	703
3116	0	743
5701	0	5230
271	4	272
2952	0	3045
1051	0	1843
1051	5	1958
4833	0	5098
317	0	824
2428	0	2512
5701	2	5949
5639	1	5636
4645	14	4600
1051	0	1964
1051	5	2308
4833	0	5219
5701	0	103
79	0	85
4065	3	4071
4106	5	4120
4476	0	4562
4545	0	4552
4822	2	4813
3149	7	3164
1828	4	1509
2952	0	3058
2952	0	1072
1051	5	2200
4476	5	4613
2952	3	3063
5701	0	224
4106	0	1682
4476	0	4683
3098	2	2952
35	0	38
2428	0	2525
1261	0	1735
5701	5	5708
5701	0	1163
1051	0	2206
2952	0	3179
4476	5	4734
2612	2	2602
5701	0	116
1051	0	1159
4476	0	4804
1060	0	1061
2952	5	3149
510	0	531
5531	0	5550
5647	8	5648
5531	5	5665
1051	0	1280
4106	5	4254
4833	0	334
5701	0	5835
1051	0	2219
2952	0	3192
1051	3	1699
5556	2	5562
2613	5	2738
5701	0	2573
1051	0	1401
4106	0	4260
3617	0	3790
1051	0	2340
113	0	121
2613	0	2744
5248	0	5322
5248	0	892
4415	0	4292
1051	0	1522
4833	5	4892
2364	0	2371
5701	0	5848
2952	0	3434
4476	0	2134
317	0	503
2952	5	1297
3617	5	3696
2613	0	2865
5531	0	5684
1418	0	1156
1051	0	1414
3617	0	4032
4106	0	4273
3617	0	3803
4568	0	4573
4833	0	4898
4106	3	77
2952	0	3555
317	0	395
317	5	739
2613	0	2757
37	0	34
4106	0	4394
4833	0	5019
5701	0	6090
5248	0	316
317	0	516
317	5	860
3617	5	3709
2613	0	2878
1051	0	1656
1051	5	1771
3617	0	4045
4833	0	5140
4833	0	4911
2466	1	2467
317	0	866
4476	0	4483
317	0	637
1051	5	2121
1051	5	1892
2986	0	3312
4833	5	1175
5701	0	6103
4476	0	4604
210	0	212
317	0	758
1051	5	2242
4476	0	3328
4833	0	5153
248	0	250
4476	0	4725
317	0	879
317	5	994
4401	0	838
4474	4	4473
2952	0	2992
4813	0	1072
5701	5	273
1663	2	1636
317	0	1000
1051	5	1087
1051	0	743
4476	0	4617
1882	0	3964
2428	0	2459
1051	0	2140
2952	0	3113
875	0	910
1051	3	1162
5701	3	5946
2428	0	2580
1051	0	2032
2952	0	3005
4476	5	4789
5588	1	5596
5248	5	5358
5531	5	5599
1051	5	1329
2428	0	2472
5482	2	5248
2952	0	3355
1051	0	2153
3141	1	1418
1051	0	1106
3617	0	3724
738	2	317
2428	0	2593
5701	0	3675
1051	0	2274
317	0	316
1051	5	2389
2613	0	2678
5248	0	5256
1051	4	2164
5248	5	5371
317	4	960
5701	0	184
4106	5	4430
112	1	111
5701	0	5782
1051	0	2395
2952	0	3368
5352	2	5248
2613	0	2799
5248	0	5377
5531	0	5618
76	0	3178
1418	0	3305
1051	0	1348
3617	0	3966
3617	0	3737
4813	0	4831
5701	0	5903
317	0	558
317	0	329
2613	0	2920
2613	0	2691
1051	0	1469
4106	0	4328
4106	5	2457
3617	0	3858
5701	0	6024
5701	0	5795
2952	0	3610
1051	0	2408
1790	2	1051
3617	5	3643
307	2	304
5248	0	5390
1732	1	1261
1051	5	1934
1051	5	1705
3617	0	3979
451	0	1047
4476	1	4642
4833	0	4845
5701	0	6145
5701	0	5916
317	4	276
4106	5	3746
317	0	571
2428	4	1506
2613	0	2933
5248	0	5511
3617	0	4100
4833	0	4966
5701	0	6037
76	0	279
511	0	532
1051	0	664
140	2	141
317	0	692
3617	0	838
317	5	807
3617	5	3885
2719	0	2728
1051	0	1832
2613	0	21
2012	4	1051
5701	5	2072
4476	0	4659
317	0	813
317	5	928
3638	12	3617
184	0	189
1051	0	1953
5250	0	5256
4833	0	5208
317	0	934
2952	0	3047
4476	5	4602
1051	3	1096
4833	0	1128
4833	0	3114
1051	5	1142
4476	0	4672
317	0	826
2428	0	2514
4833	0	81
3142	1	3124
2952	0	3168
1051	0	1966
670	5	671
1051	5	2310
2613	5	2714
5531	5	5533
3325	2	2952
4476	0	4793
317	0	947
3940	0	3952
4545	0	4554
265	1	260
4106	4	4422
2952	0	3289
2952	0	1074
1051	5	2202
2672	0	2699
2428	5	2457
35	0	40
4833	5	2424
5701	5	5710
97	0	128
1051	0	2208
2952	0	3181
5132	1	5141
317	0	21
4476	5	4736
3914	0	5571
4476	0	4806
5261	0	5262
543	1	542
1051	0	2329
317	0	371
673	4	4476
4106	1	4366
5248	0	5311
5531	0	5552
5701	0	239
3615	2	3602
1986	2	1051
3617	0	3671
2569	0	121
3617	3	3676
5701	0	5837
5701	5	5952
1051	0	2221
5556	2	5564
1051	0	1403
4106	0	4262
4833	0	4887
4833	5	5002
2952	0	3544
1051	3	1822
2613	0	2746
37	0	23
5248	0	5324
1051	2	1634
2988	0	3380
456	4	658
3617	0	3913
5701	0	6079
2364	0	2373
5701	0	5850
5248	0	76
76	0	92
5701	5	1764
2952	0	1450
317	0	505
1051	3	1943
2613	0	2867
3652	0	3661
1051	0	1645
1051	0	1416
3617	0	4034
4106	0	4275
4568	0	4575
4833	0	4900
4833	5	5244
2430	2	2448
2952	0	3557
317	0	626
317	5	970
1532	0	1525
653	0	1053
2937	0	2939
4106	0	4396
5701	0	6092
317	0	747
5701	1	315
5041	1	5040
3617	5	3711
4106	0	316
3617	0	4047
4833	0	5142
1062	0	1063
4476	0	4485
4961	2	4948
1051	5	1894
2986	0	3314
210	0	214
317	0	760
144	2	150
1051	5	2244
2721	0	313
4476	5	4657
4833	0	5155
2952	4	3517
5701	0	39
317	0	881
5701	5	5752
1051	0	2021
1051	5	2136
2952	5	857
317	0	1002
1051	5	1089
4476	0	4619
1051	1	1613
2428	0	2461
2259	2	1051
2613	3	2844
1051	0	2142
2952	0	3115
305	2	306
2952	5	2964
5701	0	281
5701	0	52
1055	1	1052
4476	0	4740
1051	0	2263
2952	0	3236
1051	0	2034
317	0	76
4476	5	4791
5248	5	5360
5531	5	5601
1051	5	1331
5701	0	5771
1051	0	2384
2952	0	3357
5067	2	5170
1051	0	2155
2952	0	3128
3427	1	3440
1051	0	1337
1051	0	1108
1051	5	1452
4813	0	4820
5701	0	5892
2428	0	2595
317	0	318
317	5	662
1204	5	1215
2613	0	2680
5248	0	5258
1051	4	2166
4106	0	4317
4106	5	4432
5701	0	5784
2952	0	3599
4106	0	3270
1051	0	2397
317	5	783
4143	2	4107
2613	0	2801
5248	0	5379
5531	0	5620
76	0	3180
1418	0	3307
3617	0	3968
4106	0	8
5531	3	5625
3617	0	3739
5701	0	5905
4357	2	4335
2952	0	3491
317	0	560
317	0	331
3617	5	3753
2613	0	2922
2613	0	2693
4929	1	4928
1978	2	1944
5248	3	2536
3617	0	4089
4106	0	129
4106	0	4330
3617	0	3860
5701	0	6026
5701	5	4155
317	0	452
3617	5	3645
1051	0	1592
1051	5	1936
1051	5	1707
3617	0	3981
3727	0	32
4833	0	4847
5701	0	6147
317	0	573
317	5	917
5248	0	5513
1051	0	1713
1051	5	1828
3617	0	4102
6115	1	5701
4833	0	4968
5701	0	6039
4476	0	4540
317	0	694
3617	5	3887
2613	8	2651
670	0	4625
1051	0	1834
1051	5	2178
544	0	254
4833	0	5089
5248	0	4816
317	0	815
4833	0	2056
184	0	191
1051	0	1955
1051	0	1726
1051	5	2070
4833	0	5210
317	0	936
271	4	276
4850	0	4870
390	2	711
1051	3	1098
459	0	476
4106	5	1788
2428	0	2516
2952	0	3170
4476	0	3856
1051	0	1968
1051	5	2312
2952	5	3248
4476	0	1412
2613	5	2716
196	0	128
5531	5	5535
5701	0	107
1051	0	1150
4476	0	4795
540	0	568
274	2	265
5531	0	5541
0	0	1
1051	0	1271
2952	0	29
4106	5	4245
4299	0	4292
5285	1	5273
1051	0	2210
2952	0	3183
5531	0	5662
349	2	317
1051	0	1163
3617	0	3781
4833	5	4991
317	0	373
5248	0	5313
5531	0	5554
5701	0	241
3617	0	3673
55	0	56
5701	0	5839
5701	5	5954
317	0	494
2613	0	2856
266	1	184
1051	0	1405
3617	0	4023
4106	0	4264
4106	0	63
4106	5	4379
4833	5	5004
5701	2	142
2952	0	3546
317	0	615
4106	0	3217
2613	0	2748
5248	0	5326
2988	0	3382
3617	0	3915
5701	0	6081
5701	0	5852
2330	4	2333
317	0	507
5926	4	5701
2952	5	3516
2613	0	2869
3652	0	3663
1051	0	1647
1051	0	1418
3617	0	4036
5227	2	5202
3617	3	4041
4833	0	4902
317	0	628
3617	0	2989
1051	8	1363
4833	0	5023
4833	0	593
5701	0	6094
317	0	749
3617	5	3713
4833	0	5144
4476	0	4487
3617	5	4063
4833	0	1882
1051	5	2125
4476	5	4538
317	0	991
317	0	762
2428	0	2450
3617	5	3955
1051	5	2246
2613	5	2650
5701	0	41
5701	0	2027
4476	0	4729
4476	0	2514
317	0	883
2428	0	2571
5701	5	5754
3941	0	3949
4476	2	4775
2952	0	3225
1051	0	2023
4126	2	4107
317	0	1004
2428	0	2463
2992	1	2991
1051	0	2144
3086	2	3057
4952	2	4946
5701	0	283
5701	0	54
3617	0	3715
4476	0	4742
5701	5	5996
1051	0	2265
5248	5	5362
5531	5	5603
1051	5	1562
1051	5	1333
5701	0	5773
2952	0	3359
1051	0	2157
2613	0	2790
4286	0	4288
5531	0	5609
1418	0	3296
5701	0	296
1051	0	1110
1051	5	1454
3617	0	3728
5701	0	5894
1051	5	636
1051	0	2278
317	0	320
2613	0	2682
4833	0	3547
4833	3	5013
4106	5	4434
3932	2	3617
5701	0	6015
1051	4	1350
3824	0	3990
5248	0	12
76	0	28
5701	0	5786
2952	0	3601
1051	0	2399
2952	0	3372
317	0	441
317	5	785
1051	3	1879
6043	21	5701
3617	5	3634
2613	0	2803
5248	0	5381
5531	0	5622
1051	0	1581
1051	0	1352
3617	0	3970
4106	0	4211
2428	4	2544
3727	0	21
3316	0	3318
5701	0	6136
5701	0	5907
5248	0	133
2952	0	3493
317	0	562
1051	5	649
1867	2	1051
3617	0	4091
4106	0	4332
5701	0	6028
3479	2	3454
317	0	454
4147	1	4148
36	0	32
3617	5	3647
2143	2	1051
1051	0	1594
1051	5	1938
3617	0	3983
4833	0	5078
5701	0	6149
1051	4	1484
4106	5	3750
317	0	575
317	5	919
1051	0	1715
3617	0	4104
3823	1	3827
4833	0	4970
4476	0	4542
317	0	696
4476	0	112
1051	5	2180
4476	5	4593
4833	0	5091
2926	2	2919
3602	0	3607
317	0	817
5588	4	5590
1051	0	1957
670	5	662
1051	5	2301
1051	5	2072
2952	5	3008
2952	0	715
5250	0	5260
4833	0	5212
317	0	938
1051	0	2078
1051	5	2193
4476	5	4606
2672	0	2690
5531	5	5645
5299	1	5274
5701	0	217
2428	0	2518
5701	0	1156
1051	0	2199
2952	0	3172
1051	5	2314
2952	5	3250
4476	5	4727
4106	1	4236
38	0	28
5531	5	5537
5701	0	109
1051	5	1496
1051	0	1152
4476	0	4797
1051	0	2320
5531	0	5543
4290	0	544
1051	0	1273
5531	3	5548
2952	0	31
4476	0	2703
2677	0	1035
5701	0	5828
2428	0	2531
1051	0	2212
1051	3	1463
2613	0	2616
5531	0	5664
1051	0	1394
1051	0	1165
3617	0	3783
4476	0	838
4833	5	4993
5261	0	5266
1051	4	1284
2952	0	3535
113	0	114
317	0	375
5531	0	5556
4106	0	4374
1051	0	1286
4106	0	4145
3617	0	3675
55	0	58
5701	0	5841
2952	0	3427
317	0	496
3617	0	642
4476	5	2996
2613	0	2858
5248	0	5436
5531	0	5677
5701	0	593
1051	0	1407
3617	0	4025
4106	0	4266
4106	3	4271
4833	5	5235
4833	5	5006
1051	4	1297
3617	4	468
2952	0	3548
4106	0	1233
317	0	617
317	5	732
4725	1	4724
2613	0	2750
37	0	27
1944	0	1979
4106	0	4387
1154	1	1150
3617	0	3917
7	1	8
5248	2	5374
5701	0	6083
3925	2	1016
2430	1	5304
317	0	509
2613	0	2871
3652	0	3665
4260	1	544
1051	0	1649
544	0	4270
1051	5	1764
4833	0	5133
4833	0	4904
317	4	335
317	0	630
317	5	974
4833	0	4086
1051	5	2114
2	0	3
4833	0	5025
5701	0	6096
3639	0	3922
2988	0	593
1048	2	451
4476	0	4597
317	0	751
2550	2	2428
4833	0	5146
1051	5	1188
4476	0	4718
4476	0	4489
1115	3	1116
2673	0	1251
2952	0	2985
1051	0	1783
4106	5	785
5531	5	5579
1051	5	1080
3617	5	3957
1051	5	2248
4476	5	4661
2428	5	2503
5701	0	43
5701	3	5939
2428	0	2573
2952	0	3227
1051	0	2025
2952	5	3076
5248	5	5351
5701	0	164
1051	5	1322
317	0	1006
2428	0	2465
2952	0	3348
1051	0	2146
3617	0	334
2613	5	2894
5531	0	5598
5701	0	285
4106	0	4187
1533	2	1510
1051	0	1099
3617	0	3717
4106	5	4302
3727	0	3740
5701	5	5998
2952	0	3469
1051	0	2267
5248	5	5364
1051	5	1564
3617	0	3838
4106	5	4423
1051	5	1335
5701	0	5775
5531	0	242
2952	0	3361
2613	0	2792
617	2	572
5531	0	5611
5248	5	5485
2211	8	1211
5701	0	298
1051	0	1341
3617	0	3959
1051	5	1456
3617	0	3730
5701	0	5896
5531	5	478
317	0	551
317	0	322
1051	3	1760
2613	0	2684
1051	5	1806
3617	0	3851
4106	5	4436
3727	0	4103
4833	0	4946
4833	5	5061
5701	0	6017
5701	0	5788
2952	0	3603
1051	0	2401
317	0	443
1051	3	1881
2613	0	2805
308	0	76
5248	0	5383
5701	0	4741
1051	0	1583
1051	0	1354
3617	0	3972
544	1	642
3316	0	3320
5701	0	6138
5701	0	3923
5701	0	5909
5531	0	2591
317	0	564
3617	4	3798
1051	0	1704
3617	0	4093
4106	0	4334
5701	0	6030
5701	0	1829
5701	5	2173
317	0	685
36	0	34
3617	5	3649
1051	0	1825
1051	0	1596
1051	5	1940
4833	0	5080
4833	5	994
5701	0	6151
3372	1	1638
317	5	921
4134	2	4107
1051	0	1946
1051	0	1717
2952	5	2997
4476	0	4544
317	0	698
2952	0	3040
1051	0	1838
1051	5	2182
4476	5	4595
1392	1	334
4476	0	4665
317	0	819
4833	0	4275
4833	0	74
5701	0	916
1051	5	2303
4476	5	4716
2953	0	2956
4833	0	5214
79	0	80
4476	0	4786
317	0	940
540	0	559
4833	4	1657
2952	0	838
1051	5	2195
2952	5	3131
3617	0	2483
2672	0	2692
5531	5	5647
913	0	444
4606	0	4604
2428	0	2520
5701	5	5703
2613	3	2674
2952	0	3174
1051	5	2316
2952	5	3252
652	4	468
38	0	30
5531	5	5539
1051	5	1498
4476	0	4799
4139	2	4128
1051	0	2322
1051	0	2093
5531	0	5545
1051	0	1275
35	0	46
2952	1	3375
5701	0	5830
97	0	134
1051	0	2214
2613	0	2618
2613	3	2098
1051	0	1396
4106	0	4255
3617	0	3785
4833	5	4995
2952	0	3537
1051	0	2335
113	0	116
317	0	377
2952	0	3308
2952	3	3542
1051	0	1517
4106	0	4376
1051	0	1288
4106	0	4147
5701	0	6072
5701	0	5843
2952	0	3429
317	0	498
220	2	217
2613	0	2860
1537	2	1051
5248	0	5438
5531	0	5679
5701	0	595
1051	0	1638
1051	0	1409
3617	0	4027
4106	0	4268
1010	2	991
5091	0	5161
4833	5	5008
2952	0	3550
4106	0	1235
317	0	619
317	5	963
1051	3	2057
317	0	390
5801	21	5701
37	0	29
5248	5	1473
4106	0	4389
3617	0	3919
5701	0	6085
5701	0	1655
317	0	740
2176	5	1122
2952	5	1763
317	0	511
2613	0	2873
3652	0	3667
1051	0	1651
4833	0	5135
4422	4	1176
5542	1	5544
2452	4	570
4476	0	4478
289	0	295
4135	2	4106
317	0	632
2613	5	1123
2952	0	2974
1051	5	2116
4833	0	5027
3639	0	3924
317	0	982
459	1	481
1131	1	1132
4833	0	5148
5	0	6
1051	5	1190
4476	0	4720
4476	0	4491
5701	4	447
5701	5	5745
4364	2	4106
1051	0	2014
2952	0	2987
1051	5	2129
5531	5	5581
5701	0	153
2428	0	2454
4833	0	21
2952	0	3108
2615	0	2631
1051	5	2250
2613	11	2957
4476	5	4663
1051	3	1157
5701	0	4475
5701	3	5941
2952	0	2061
3774	0	3777
2428	0	2575
1051	0	2256
2952	0	3229
1051	0	2027
1156	3	1157
2952	5	3078
4601	4	4611
2283	2	2275
1051	1	1848
5701	0	5764
2952	0	3350
1051	0	2148
2430	1	4756
582	1	572
1051	0	1101
2952	0	88
3617	0	3719
4106	5	4304
2428	0	2588
5701	5	6000
2952	0	3471
1051	0	2269
2952	0	3242
2613	0	2673
5248	0	5251
317	4	955
4106	0	4310
3617	0	3840
317	3	730
2547	0	2536
5701	0	5777
5248	0	3
2952	0	3592
2952	0	3363
2613	0	2794
4833	5	1788
5531	0	5613
5248	5	5487
3617	0	3961
4106	0	4202
3617	0	3732
5701	0	5898
5248	5	468
2585	2	2583
317	0	553
2613	0	2915
2613	0	2686
5248	0	5493
913	0	875
3617	0	4082
4106	0	4323
3617	0	3853
4833	0	4948
4833	5	5063
5701	0	6019
1051	5	2976
2952	0	3605
317	0	445
1051	0	1585
1356	2	1372
4106	0	4444
1051	5	1700
3617	0	3974
285	0	288
4833	5	5184
5701	0	6140
317	0	566
3617	4	3800
1051	5	2050
1051	5	1821
3617	0	4095
4872	4	4873
1692	2	1691
5701	5	4390
5701	0	6032
4476	0	4533
317	0	687
3639	2	3904
411	1	430
1051	0	1827
2144	4	273
5701	4	1657
4833	0	5082
4833	5	996
5701	0	6153
4476	5	1322
1051	3	2017
3617	5	4001
3093	2	3086
1051	0	1948
2952	0	2921
4106	0	2592
1051	0	1719
2952	5	2999
4833	0	5203
126	0	128
2952	0	3042
1051	0	1840
1051	5	2184
4476	0	4667
4833	0	2291
2428	0	2509
4833	0	76
1051	0	2190
1051	5	2305
2953	0	2958
4833	0	1015
79	0	82
5248	5	857
1051	0	1143
4106	5	4117
317	0	942
4545	0	4549
2952	0	3284
317	5	468
2952	3	3060
2672	0	2694
3291	2	1418
5248	5	5408
2428	5	2452
5531	5	5649
459	0	482
1051	0	1035
3617	0	3653
5701	5	5705
5948	21	5701
1051	0	217
3851	0	3852
3617	5	994
5531	0	5655
38	0	32
5701	0	113
1051	0	1156
1051	5	1500
3617	0	3774
1051	0	2324
317	0	366
4195	2	4196
1051	3	1575
2613	0	2728
1053	1	1415
5531	0	5547
5701	0	234
1051	0	1277
5701	0	5832
2952	0	1432
317	0	487
5193	2	5172
2613	0	2849
5248	0	5427
289	1	294
1208	0	1210
3377	0	2432
1051	0	1398
4106	0	4257
1051	5	1513
3617	0	3787
4106	5	4372
4833	0	4882
101	2	86
2952	0	3539
1051	0	2337
113	0	118
317	0	379
2613	0	2741
4592	2	4545
5248	0	5319
802	2	317
3639	0	517
4067	3	5081
1051	0	1519
4106	0	4378
1051	0	1290
2569	0	2573
4833	0	5003
4833	5	5118
5701	0	6074
2364	0	2368
76	0	316
5248	5	2630
76	0	87
5701	0	5845
2677	0	2678
317	0	500
2663	1	2662
5248	0	5440
3652	0	3656
1051	0	1640
1051	0	1411
3617	0	4029
4833	0	4895
5091	0	5163
4833	5	5239
1051	0	593
2952	0	3552
317	0	621
317	5	965
37	0	31
5701	5	3048
1051	0	1761
4833	0	5016
5701	0	6087
317	0	742
317	5	857
3617	5	3935
5701	5	954
1051	0	1882
1051	0	1653
4833	0	5137
317	0	863
4476	0	4480
317	0	634
3326	2	2952
1051	5	2118
4476	5	4531
1051	3	1254
2952	3	2981
5531	5	5341
4106	0	1600
317	0	984
1376	4	272
317	0	755
2428	0	2443
3617	5	3948
2952	0	3097
4476	5	4652
2613	5	2643
5701	0	34
4476	0	4722
317	0	876
2428	0	2564
5701	5	5747
1051	0	2016
2952	0	2989
5531	5	5583
5701	0	155
4106	5	4172
4476	0	4614
5426	2	5406
2952	0	3110
2428	5	2507
5701	0	47
5701	3	5943
2952	0	77
3617	0	3708
3774	0	3779
1051	1	1729
2428	0	2577
5701	5	5989
1051	0	2258
2952	0	3231
1051	0	2029
3371	0	3394
2613	0	2662
5248	0	3025
5248	5	5355
1051	5	1555
1051	5	1326
4106	5	4185
5701	0	5766
3824	0	3741
1051	0	2379
2952	0	3352
2613	1	2742
1051	0	2150
2952	5	3201
674	0	681
5701	0	289
4106	0	4191
1051	0	1103
3617	0	3721
5701	0	5887
4833	3	4067
5248	0	4085
5701	5	6002
2952	0	3473
1051	0	2271
5248	0	5253
317	4	957
4106	0	4312
3617	0	3842
4106	5	4427
5701	0	6008
5701	0	5779
2952	0	3594
2952	0	3365
1051	3	1872
2613	0	2796
5531	0	5615
1051	0	1574
1051	0	1345
1051	5	1689
4106	0	4204
4106	3	4209
5701	0	5900
5248	5	470
317	0	555
3617	5	3748
5248	0	5495
5701	5	996
1051	0	1466
2952	0	2439
3617	0	4084
3617	0	3855
4106	0	4325
3769	2	3617
317	3	745
5701	0	6021
5248	0	18
3617	2	3864
2952	0	3607
2952	3	3612
4466	2	4147
2613	0	2809
304	1	283
4106	0	4446
3617	0	3976
451	0	1044
4833	0	5071
5701	0	6142
3617	4	648
3617	4	3802
302	0	303
5226	2	5202
3617	0	4097
3617	0	1882
4107	0	4126
4476	0	4535
4476	0	334
3617	0	1064
317	0	689
3617	5	3882
411	1	432
1051	0	1829
1051	5	2173
4833	0	5084
4362	2	4106
828	2	826
4106	0	3641
4476	0	4656
317	0	810
2613	3	2652
2952	0	937
184	0	186
1051	0	1950
2952	0	708
2952	5	3001
4866	2	4850
4833	0	5205
4476	0	4777
4605	13	4648
2952	0	3044
3650	4	273
1051	0	1842
1051	5	2186
4495	2	4477
653	5	655
5701	0	210
4106	5	4227
4476	0	4669
3714	2	3726
2428	0	2511
1051	0	2192
1051	5	2307
79	0	84
1051	0	1145
4106	5	4348
4106	5	4119
4545	0	4551
2952	0	3286
2952	0	3057
2952	3	3062
2672	0	2696
5248	0	5295
5531	5	5651
1051	0	1266
35	0	37
5701	0	5821
2428	0	2524
2952	0	3178
2952	5	3485
317	5	591
5531	0	5657
38	0	34
1051	0	1387
1051	0	1158
1051	5	1502
4833	0	441
2952	0	3528
317	0	368
1051	3	1577
510	0	530
2613	0	2730
5531	0	5549
1051	0	1279
5701	0	5834
317	0	489
3709	4	447
2810	2	2613
2613	0	2851
289	1	296
1051	0	1400
3617	0	4018
4106	0	4259
3617	0	3789
4833	0	4884
1971	2	1944
3639	0	3781
2952	0	3541
317	0	610
1051	0	1521
4545	1	4590
5701	0	6076
3639	0	3902
76	0	89
317	0	502
514	1	534
2613	0	2864
3652	0	3658
1051	0	1642
3617	0	4031
4833	0	5126
4833	0	4897
2487	1	2515
1051	0	595
3057	0	3080
544	0	1001
572	1	573
317	0	623
2613	4	475
4476	3	4511
4598	2	4545
37	0	33
1051	5	2107
4833	0	5247
4833	0	5018
5701	0	6089
317	0	744
1051	5	831
317	5	859
5701	0	841
1051	0	1884
1051	0	1655
4833	0	5139
317	4	570
1051	5	1181
4476	0	4711
317	0	865
4476	0	4482
3617	5	4058
2952	4	468
1051	0	2005
2952	0	2978
1051	5	2120
2952	5	3056
317	0	986
4562	0	18
2428	0	2445
2952	0	3099
4476	5	4654
5701	4	6157
5701	4	5928
2428	5	2496
5701	0	36
4476	0	4724
317	0	878
2428	0	2566
5701	5	5749
2952	0	3220
3639	0	1016
1051	0	2018
2952	0	2991
4833	0	1072
5248	5	5344
11	0	29
5531	5	5585
4106	5	4174
1988	2	1636
317	0	999
1882	0	3963
2952	0	3341
1848	2	2952
5067	2	4925
2613	5	2658
5701	0	49
5701	3	5945
2428	0	593
2428	0	2579
5701	5	5991
4830	2	4476
1051	0	2260
4476	5	4788
456	0	457
2613	0	2664
5248	5	5357
5701	0	170
4106	5	4416
1051	5	1328
185	1	284
5701	0	5768
1051	0	2381
2952	0	3354
317	0	423
1204	0	1205
2613	0	2785
1051	0	1334
4106	0	4193
2428	4	2526
3617	0	3723
235	2	242
5701	0	5889
2952	0	3475
2613	0	2677
317	4	959
4106	0	4314
4106	5	4429
4833	0	4939
5701	0	6010
5701	0	5781
76	0	23
2952	0	3596
2952	5	1459
1051	3	1874
2613	0	2798
5248	0	5376
1418	0	3304
1051	5	1920
2952	0	334
1051	0	1347
3617	0	3965
4106	0	4206
5701	0	6131
5701	0	5902
5248	0	128
317	0	557
4476	3	4674
3617	5	3750
2613	0	2919
1051	0	1468
3617	0	4086
4106	0	4327
2613	0	1872
5701	0	6023
2952	0	3609
36	0	27
1051	0	1818
4476	0	1033
451	0	1046
3727	0	29
4833	0	5073
5701	0	6144
317	4	275
4476	0	2430
3617	5	3992
5701	0	5326
1051	5	2054
3617	0	4099
1051	0	892
4476	0	4537
317	0	691
3617	5	3884
4040	18	5240
4476	5	4588
4850	0	4854
805	5	780
5016	1	5015
317	0	1041
4476	0	4658
317	0	812
66	3	70
2428	0	285
3765	2	3617
2952	0	3154
1051	0	1952
4833	0	5207
4476	0	4779
317	0	933
2952	0	3046
2672	0	2685
653	5	657
5701	0	212
4476	0	4671
2428	0	2513
456	3	460
1051	0	1965
1051	5	2309
2613	5	2713
38	0	23
5531	5	5532
79	0	86
1051	0	1147
1051	5	1491
4106	5	4121
3288	0	3301
5296	1	5248
3940	0	3951
2952	0	3288
2672	0	2698
2428	5	2456
1051	0	1268
35	0	39
5701	0	5823
1051	0	2207
2952	5	3487
5132	1	5140
5248	0	5418
1051	4	2326
3914	0	5570
5531	0	5659
1051	0	1389
4106	0	4248
1051	5	1504
4106	0	4019
4444	0	4463
2952	0	3530
317	0	370
2613	0	517
5248	0	5310
5531	0	5551
1051	0	1510
544	0	4131
4106	0	4369
48	2	12
5701	0	6065
5248	5	2621
5701	0	5836
317	0	491
317	5	835
2613	0	2853
5556	2	5563
1051	0	1631
1051	0	1402
3617	0	4020
4106	0	4261
3617	0	3791
4833	5	5001
4547	2	4545
2952	0	3543
317	0	612
317	0	383
4731	1	4704
1051	0	1523
3617	0	3912
2952	4	3369
5701	0	6078
317	0	504
2613	0	2866
2613	3	2346
3652	0	3660
1051	0	1644
3617	0	4033
4833	0	5128
4833	0	4899
5170	0	593
2952	3	1575
1051	0	1765
1051	5	2109
2937	0	2938
1791	2	1051
4833	0	5020
317	0	975
317	0	746
1051	0	1886
4106	0	544
4833	0	3155
4833	0	5141
5248	5	782
1051	5	1183
4476	0	4713
317	0	867
2613	4	2934
4476	0	4484
317	3	347
3617	5	4060
5701	5	5738
1051	0	2007
1051	5	2351
5701	0	146
1051	5	1304
317	0	988
2428	0	2447
2952	0	3101
1051	5	2243
2428	5	2498
5701	3	5934
1051	0	1081
4106	5	4284
4476	0	4726
2428	0	2568
5701	5	5751
2952	0	3222
1051	0	34
1051	0	2020
1204	5	1188
5248	5	5346
11	0	31
1051	0	1202
4106	5	1961
1051	1	1612
5701	0	5757
2428	0	2460
1985	4	2360
2952	0	3343
2952	0	1128
1051	0	2141
2952	0	3114
2952	5	3421
4476	5	468
1051	0	1323
2952	0	81
1051	0	1094
2428	0	595
2428	0	2581
5701	5	5993
2952	0	3464
2952	0	3235
317	5	648
4476	5	4790
2613	0	2666
5701	0	5770
5237	2	4925
5197	2	4112
5248	5	111
2952	0	3585
1051	0	2383
2952	0	3356
317	0	425
1204	0	1207
2613	0	2787
1418	0	3293
5701	0	293
1051	0	1336
3617	0	3725
4813	0	4819
5701	0	5891
317	0	546
1051	0	289
317	5	661
2613	0	2908
2613	0	2679
5248	0	3271
1085	2	1479
2722	0	2728
2952	0	444
3617	0	4075
4106	0	4316
4106	5	4431
4833	0	4941
5701	0	6012
2952	0	3598
317	0	667
317	5	782
184	1	268
2613	0	2800
5248	0	5378
1418	0	3306
1051	0	1578
1051	5	1922
3617	0	3967
2583	1	2428
5701	0	6133
5701	0	5904
317	0	559
3617	5	3752
2613	0	2921
4004	1	3790
5701	0	6025
1051	5	996
4476	0	4526
106	0	107
3194	1	3196
36	0	29
1051	0	1591
1051	5	1935
3617	0	8
3617	0	1994
5701	0	6146
1051	5	1117
4476	0	2432
317	0	801
3617	5	3994
5248	0	3755
1051	0	1941
4059	10	275
3617	0	129
459	3	346
317	0	922
4476	0	4539
140	2	142
1051	0	2062
2952	0	3035
670	0	4624
1051	0	1833
3617	0	21
5248	5	958
1051	5	1130
317	0	1043
4476	0	4660
317	0	814
2952	0	3156
1051	0	1954
1051	5	2298
38	0	12
5248	5	5280
3652	0	937
71	3	67
1812	1	1831
317	0	935
2952	0	3277
1051	0	2075
2672	0	2687
653	5	659
5248	5	5401
5701	0	214
2428	0	2515
4150	1	4401
2952	0	3169
1051	5	2311
2952	5	3247
2613	5	2715
5701	0	106
79	0	88
1051	0	1149
1051	5	1493
3617	0	3538
1051	0	2317
317	0	359
317	5	474
2613	0	2721
2672	0	2700
1051	0	1270
4106	5	4244
35	0	41
5701	0	5825
2952	0	1425
1051	0	2209
2952	5	3489
2521	2	2465
5248	0	5420
3914	0	5572
5531	0	5661
217	21	5701
544	0	4241
1051	0	1391
4106	0	4250
3617	0	3780
5701	0	3731
5588	2	5594
2952	0	3532
4106	0	988
317	0	372
5248	0	5312
2588	0	5569
1051	0	1512
3477	2	1429
4833	0	4996
5701	0	6067
5701	0	5838
4469	2	4106
2952	0	1438
317	0	493
2613	0	2855
2624	10	932
1051	0	1633
3617	4	1283
1051	0	1404
3617	0	4022
4106	0	4263
2952	4	3250
2952	0	3545
317	0	614
1051	3	2052
4106	3	1235
1051	0	1754
5701	0	6080
317	0	735
2613	0	882
4813	1	4829
3652	0	3662
1051	0	1646
4106	5	648
3617	0	4035
289	0	290
317	0	627
317	5	971
4833	5	4198
2952	0	2969
1051	5	2111
1051	4	1657
317	0	977
4472	2	4470
317	0	748
1051	0	1888
3617	0	76
2613	5	2636
4833	0	5143
1051	5	1185
4476	0	4715
2613	4	2936
2428	0	2557
3617	5	4062
5701	5	5740
1512	0	1531
1051	0	2009
1051	5	2353
5248	5	5335
1051	5	1306
5260	1	2430
317	0	990
2952	0	3103
1051	5	2245
5798	21	5701
2613	5	2649
2428	5	2500
5701	0	269
5701	0	40
5701	3	5936
2428	0	2570
5701	5	5982
5701	5	5753
2952	0	3224
1051	5	380
1051	0	2022
1204	5	1190
3033	2	2952
11	0	33
5701	0	5759
2613	3	2845
2952	0	3345
1051	0	2143
2952	5	3423
1051	5	272
2613	5	2891
5248	5	3483
1051	0	1325
3617	0	3714
221	2	217
1174	2	1166
5701	0	5880
5701	5	5995
2952	0	3466
1051	0	2264
2952	0	3237
317	5	650
2613	0	2668
5248	0	5475
3824	0	593
5701	5	2733
1051	0	1446
72	0	73
1051	5	1561
3617	0	3835
2677	3	2674
203	1	204
5701	0	5772
2952	0	3587
1051	0	2385
2952	0	3358
317	0	427
2613	0	2789
4286	0	4287
5531	0	5608
1418	0	3295
1051	0	1567
4106	0	4197
3617	0	3727
4509	0	88
4813	0	4821
5701	0	5893
317	0	548
317	0	319
2613	0	2910
1051	5	1803
4106	0	4318
317	3	967
3727	0	4100
4833	0	4943
5701	0	6014
2952	0	1614
2952	0	3600
317	5	784
1051	3	1878
4591	2	4545
2613	0	2802
1051	0	1580
1051	5	1924
3617	0	3969
4833	0	5064
3316	0	3317
5701	0	6135
5531	0	2588
317	0	561
4476	3	4678
3617	5	3754
2613	0	2923
1054	1	1052
1051	0	1701
3617	0	4090
317	0	911
4476	0	4528
5667	2	5531
317	5	1026
36	0	31
1051	5	1937
4833	0	5077
1051	2	1114
5701	0	6148
3617	5	3996
2952	5	2994
3823	1	3826
5248	5	5269
4476	0	4770
317	0	924
4476	0	4541
1051	0	2064
2952	0	3037
1051	5	2179
2673	0	2700
5701	5	2304
5483	4	570
3602	0	3606
2428	0	2504
1051	0	2185
2952	0	3158
5248	3	1035
1051	0	1956
1051	5	2300
5250	0	5259
4476	0	4783
1977	2	1944
2952	0	3279
2952	0	1064
1051	0	2077
3617	0	2480
2672	0	2689
5701	0	2431
459	0	477
1051	0	1259
5049	4	5050
1051	5	1374
2428	0	2517
2952	0	3171
317	5	584
2952	5	3249
2952	3	3176
2613	5	2946
38	0	27
1051	0	1151
1051	5	1495
4476	0	595
540	0	569
1051	0	2319
317	0	361
2613	0	2723
5531	0	5542
1944	0	1952
5531	5	1456
1051	0	1272
4299	0	4293
4471	2	4150
2988	2	3403
5701	0	5827
2613	3	2913
2952	0	1427
317	0	482
2613	0	2615
5531	0	5663
4359	2	4106
1051	0	1393
1051	5	1737
3617	0	4011
3617	0	3782
61	0	63
4106	0	4252
5248	2	5468
4833	0	4877
4833	5	4992
5701	0	5948
1051	4	1283
2952	0	3534
317	0	603
317	0	374
113	2	122
1051	0	1514
2551	2	2428
4106	0	4373
4833	4	273
4833	0	4998
5701	0	6069
5701	0	5840
317	0	495
4476	3	4612
2613	0	2857
1051	0	1635
3617	0	4024
4833	5	5234
317	0	616
1051	0	1756
4106	0	4386
4476	15	4743
4833	0	5011
4901	4	272
5701	0	6082
317	0	737
3303	1	3302
3652	0	3664
1051	0	1877
1051	0	1648
4833	0	5132
4476	0	4704
5701	5	1299
5248	3	5278
1051	0	1998
2952	0	2971
1051	5	2113
2952	5	3049
317	0	979
4476	0	4596
4147	1	4444
317	5	276
2613	5	2638
5701	0	29
1051	0	1072
1051	5	1187
4476	0	4717
2428	0	2559
5701	5	5742
2952	0	3213
1051	0	2011
1051	5	2355
5248	5	5337
11	0	22
5531	5	5578
4106	5	4167
317	0	992
5202	0	4857
2428	0	2451
2952	0	3334
1051	0	2132
1051	5	2247
1657	7	4282
2428	5	2502
5701	0	271
5248	0	684
5701	0	42
5701	3	5938
236	0	237
3617	0	3703
1973	2	1950
2428	0	2572
5701	5	5984
5701	5	5755
2613	3	2726
4476	2	4776
1051	0	2253
2952	0	3226
1051	0	1206
3617	0	3824
5701	0	5761
4355	2	4335
2952	0	3347
5068	2	4925
317	0	416
1051	0	2145
2952	5	3425
2613	0	2778
2613	5	2893
2613	0	334
5248	5	3485
5531	0	5597
618	2	619
5701	0	284
1051	5	1671
4106	0	4186
3617	0	3716
4107	0	362
5701	0	5882
5701	2	64
5701	5	5997
2952	0	3468
4106	5	3483
1051	0	2266
2611	2	2601
2613	0	684
5248	0	5477
1051	0	1448
4106	0	4307
1051	5	1563
3617	0	3837
4833	0	4932
5701	0	6003
5701	0	5774
2952	0	3589
1051	0	2387
4476	3	4546
2613	0	2791
1418	0	3297
1051	0	1569
1051	0	1340
4106	0	4199
5701	0	6124
5701	0	5895
317	0	550
317	5	665
3617	5	3743
5248	0	5490
1051	0	1690
1051	5	1805
3617	0	4079
317	3	969
4833	0	4945
5701	0	6016
2952	0	3602
1051	3	1880
1051	0	1582
3617	0	3971
4833	0	5066
3316	0	3319
5701	0	6137
317	0	563
4833	0	4019
1051	0	1703
670	5	4609
5701	5	2172
3617	2	3872
317	0	684
36	0	33
2952	0	3026
4954	2	4947
1051	5	1939
4476	5	4581
4105	2	3617
4833	0	5079
3372	1	1637
486	2	459
317	0	1034
6156	4	5701
4476	3	4693
5286	1	5298
5926	1	5701
1051	0	1945
2952	5	2996
5248	5	5271
2673	3	2098
4088	2	3617
2428	1	2610
4476	0	4772
4476	0	4543
3324	2	2987
1051	0	2066
2952	0	3039
1051	5	2181
4476	5	4594
2428	0	2506
2425	2	2406
1051	0	2187
2952	0	3160
1051	5	2302
1051	2	1479
5248	0	2954
5701	0	97
1051	5	1484
4106	0	3999
4106	5	4343
4476	0	4785
540	0	558
1866	2	1051
2952	0	3281
1051	0	2079
317	5	465
2672	0	2691
5248	0	5290
5531	5	5646
1051	0	1261
21	0	282
2275	0	2291
3617	0	1435
5701	0	5816
2952	0	3173
317	5	586
2078	0	2080
2952	5	3251
2613	5	2948
5248	0	5411
5531	0	5652
4833	3	4935
1051	0	1153
1051	5	1497
1051	0	2321
317	0	363
154	0	128
4476	5	648
2613	0	2725
5531	0	5544
1051	0	1503
1051	0	1274
2988	2	3405
5701	0	5829
2952	0	1429
4136	2	4106
2613	0	2846
1051	0	1395
3617	0	4013
1061	0	1062
61	0	65
3617	0	3784
4833	0	4879
4833	5	4994
2952	0	3536
317	0	605
4476	0	21
317	0	376
1051	0	1516
4106	0	4375
4833	0	5000
5701	0	6071
76	0	313
3639	0	3897
317	0	726
317	0	497
2613	0	2859
1508	4	1509
1051	0	1637
3617	0	4026
4833	0	5121
4833	5	5236
317	0	847
317	0	618
317	5	962
1868	2	1051
1051	0	1758
4833	0	5242
5701	0	6084
1051	0	1650
4833	0	5134
5701	0	18
1430	0	3036
1985	4	1051
5542	1	5543
1051	5	1176
4476	0	4477
5701	5	5731
5072	0	1352
1051	0	2000
1051	5	2115
2952	5	3051
5248	0	2767
459	5	478
1051	5	1297
4106	5	4156
5298	2	5421
317	0	981
2428	0	2440
2952	0	3094
4476	0	3780
4476	5	4649
804	5	780
2613	5	2640
2525	4	2428
1051	0	1074
1051	5	1189
2613	4	2940
2428	0	2561
5701	5	5744
2952	0	3215
1051	0	2013
1051	5	2357
2952	0	2986
11	0	24
5531	5	5580
498	0	526
1051	0	1195
3617	0	3584
4477	1	4624
2428	0	2453
2952	0	3336
1051	0	2134
2952	0	3107
4476	5	4662
5701	5	2603
1051	0	1316
4106	0	4175
5701	3	5940
3617	0	3705
2428	0	2574
5701	5	5986
5701	0	1441
2952	0	3457
1051	0	2255
2952	0	3228
4106	0	684
499	1	529
2613	0	2659
2952	0	195
1051	5	1552
3617	0	3826
4833	5	5036
5701	0	5763
2952	0	3349
317	0	418
2613	0	2780
2613	5	2895
2952	0	316
4106	0	4188
3617	0	3718
2427	2	1051
5701	0	5884
5248	0	110
5701	5	5999
2952	0	3470
317	0	539
435	2	389
5701	4	2327
2613	0	2901
2613	0	2672
5248	0	5479
317	4	954
205	0	206
1051	0	1450
72	0	77
3617	0	4068
3617	0	3839
4106	0	4309
4833	0	4934
4895	1	4894
5701	0	6005
317	0	431
3617	5	3624
2613	0	2793
1051	0	1571
1051	5	1915
3617	0	3960
4833	0	5055
5701	0	6126
5701	0	5897
317	0	552
3617	5	3745
2613	0	2914
4793	1	2430
4965	1	544
3617	0	4081
4833	0	5176
4833	0	4947
5701	0	6018
4476	0	4519
4476	5	958
4196	3	4200
1051	0	1813
1051	0	1584
2952	5	649
285	0	287
5701	0	6139
3617	0	3155
1512	1	1415
3617	4	3799
4795	1	4477
1051	3	1185
5701	5	2174
4107	0	4123
317	0	915
4476	0	4532
3639	2	3903
4833	1	5010
2952	0	3028
411	1	429
4924	0	4857
4476	5	4583
1049	2	451
541	1	540
317	0	1036
1051	0	1947
2952	5	2998
4476	0	4774
2952	0	3270
1051	0	2068
2952	0	3041
317	0	110
1051	5	2183
5531	0	5291
5701	0	207
3617	0	3639
4106	5	4224
1051	0	2189
3617	0	2592
1051	5	2304
2952	0	129
1051	5	1486
639	2	459
3617	0	3760
4106	5	4345
64	2	61
2952	0	3283
317	5	467
3617	0	2484
2672	0	2693
5248	0	5292
1051	0	1263
2952	0	21
3617	0	3652
4476	5	1805
5701	0	5818
2952	5	3482
317	5	588
2952	5	3253
2613	0	2835
2613	5	2950
5248	0	5413
5531	0	5654
1051	0	1384
4106	0	4243
1051	0	1155
1051	5	1499
3617	0	3773
4444	0	4458
4497	1	4498
2952	0	3525
1051	0	337
1051	0	2323
317	0	365
3084	2	3057
2613	0	2727
1051	0	1276
5701	0	6060
5701	0	5831
317	5	830
4833	0	3942
2522	2	2465
2613	0	2848
1208	0	1209
1051	0	1626
1051	0	1397
3617	0	4015
4106	0	4256
4476	0	841
4833	0	4881
1051	0	579
2952	0	3538
317	0	607
778	2	317
4603	5	4476
1051	0	1747
1051	0	1518
4106	0	4377
4833	5	5117
5701	0	6073
3639	0	3899
4106	0	1344
317	0	728
317	0	499
3652	0	3655
1051	0	1639
3617	0	4028
4833	0	5123
641	2	459
317	0	849
317	5	964
4478	0	4494
2952	0	2962
1051	5	2104
4833	0	5015
317	0	741
2428	0	2429
5701	0	838
4106	5	654
4286	0	1797
4833	0	5136
5248	0	2648
1051	5	1178
317	0	862
4476	0	4479
3116	0	3117
153	0	21
227	2	217
5701	5	5733
5248	3	5282
1051	0	2002
1051	5	2117
2952	5	3053
4476	5	4530
1051	3	1253
2952	3	2980
459	5	480
315	0	316
4394	0	3434
1051	5	1299
4106	5	4158
317	0	983
4500	4	4476
2428	0	2442
5248	3	5403
1051	0	2123
2952	0	3096
110	1	111
4476	5	4651
5015	1	5017
49	0	51
2613	5	656
2613	5	2642
2428	5	2493
5701	0	262
5531	0	916
1051	0	1076
1051	5	1191
4476	0	4721
2428	0	2563
2613	0	1251
5701	5	5975
5701	5	5746
2952	0	3217
1051	0	2015
5248	5	5341
11	0	26
5531	5	5582
5701	0	154
498	0	528
1051	0	1197
1051	5	1541
1051	0	2365
2952	0	3338
2952	5	3416
3856	1	5015
5248	0	5347
1051	0	1318
2952	0	2291
4106	0	4177
3617	0	3707
5701	3	5942
5701	0	5873
2428	0	2576
5701	5	5988
2952	0	3459
2952	0	3230
2952	5	1322
2613	0	2661
1051	0	1439
4106	0	4298
1051	5	1554
3617	0	3828
4833	5	5038
5701	0	5765
3824	0	3740
2952	0	3580
2952	0	3351
317	0	420
1051	0	163
317	5	535
2613	0	2782
2613	5	2897
4106	0	4419
4106	0	4190
3617	0	3720
153	1	154
5701	0	5886
5701	2	68
317	0	541
2613	0	2903
5248	0	5481
205	0	208
3617	0	4070
4106	0	4311
3617	0	3841
4833	0	4936
5701	0	6007
4363	2	4106
2952	0	3593
1051	0	405
2952	5	1456
1051	3	1871
2613	0	2795
1051	0	1573
1051	5	1917
4833	0	5057
5701	0	6128
1051	5	870
317	0	554
3617	5	3747
2613	0	2916
5701	5	995
1051	0	1694
1051	5	2038
3617	0	4083
4833	0	5178
4833	0	4949
5701	0	6020
4107	0	4112
3617	2	3863
2613	8	2632
1051	0	1815
1051	5	2159
3617	0	3
5701	0	6141
5300	1	5301
317	4	272
4106	0	1412
123	2	124
3617	4	3801
1051	5	2051
5701	0	75
4476	0	4763
4107	0	4125
4476	0	4534
3639	2	3905
2952	0	3030
3161	2	2952
1051	5	2172
4476	5	4585
215	2	210
4833	0	882
317	0	1038
4476	0	4655
3617	5	4002
1051	0	1949
2952	5	3000
5531	4	447
1051	0	1131
4365	2	4106
2428	0	403
2952	0	3272
2952	0	3043
3585	3	3604
317	0	112
2670	2	2613
3116	0	2138
653	5	654
5701	0	209
1051	0	1252
4106	0	4111
3617	0	3641
4106	5	4226
4106	3	4116
2428	0	2510
2567	2	2583
4833	0	77
2952	0	3393
1051	0	2191
4476	5	4719
5531	0	5643
1051	2	1483
5248	0	743
4106	0	4232
1051	0	1144
1051	5	1488
3617	0	3762
4106	5	4347
3927	2	3922
2952	0	3514
2952	0	3285
1429	1	1418
317	0	354
3445	0	3456
317	5	469
4150	0	4292
5248	0	5294
1051	0	1265
1051	5	1609
4476	0	938
3617	0	3654
35	0	36
5701	0	5820
2952	5	3484
317	5	590
2613	0	2837
5248	0	5415
5531	0	5656
5248	5	5530
3617	0	4004
1053	0	1528
1051	5	1501
3617	0	3775
4444	0	4460
1051	4	1505
2952	0	3527
317	0	596
317	0	367
2889	2	2613
2613	0	2729
5701	5	5009
5701	0	6062
5701	0	5833
317	0	488
317	5	832
2613	0	2850
5248	0	5428
1024	2	317
1051	0	1628
1051	0	1399
3617	0	4017
4476	0	1072
4833	0	5112
2586	2	2583
4833	0	4883
317	0	609
1051	0	1749
1051	0	1520
5701	0	6075
3639	0	3901
5701	5	5372
3652	0	3657
1051	0	1641
2257	2	1051
4833	0	5125
76	0	4868
2952	0	1796
4476	0	2482
317	0	851
4833	2	4905
1051	0	1991
1051	0	1762
1051	5	2106
511	1	512
4833	0	5246
317	0	972
317	0	743
2428	0	2431
2613	0	1119
2428	3	2436
2523	2	2460
1051	0	1883
4476	5	4640
4833	0	937
5248	0	664
1051	5	1180
2952	5	2116
317	0	864
3116	0	3119
2428	0	2552
5701	5	5735
914	2	317
2952	0	3206
5248	3	5284
1051	0	18
1051	0	2004
1051	5	2348
2952	0	2977
1051	5	2119
2952	5	3055
2952	3	2982
5200	17	5170
5701	0	143
1051	5	1301
317	0	985
2428	0	2444
4476	5	4653
49	0	53
2613	5	2644
2428	5	2495
5701	0	264
1051	0	1078
4476	0	4723
2428	0	2565
5701	5	5977
5701	5	5748
2952	0	3219
3886	4	870
11	0	28
317	4	932
5531	5	5584
1051	0	1199
1051	5	1543
4106	5	4173
3877	1	3911
1976	2	1944
3377	0	3401
2952	0	3340
1051	0	2138
544	0	558
2952	5	3418
2613	0	2771
5248	0	5349
2428	5	2508
2986	1	3309
1051	0	1320
4106	0	4179
5701	3	5944
5701	0	5875
574	1	572
5701	5	5990
2952	0	3461
2613	0	2663
4833	5	1657
1051	0	1441
4106	0	4300
1051	5	1556
3617	0	3830
4106	3	4305
5701	0	5767
2952	0	3582
2588	0	21
1051	0	2380
2952	0	3353
317	0	422
1051	0	165
2613	1	2743
2613	0	2784
4106	0	4421
4106	0	4192
4360	2	4336
5701	0	6117
5701	0	5888
4957	2	4948
2952	0	3474
317	0	543
5304	1	5305
2613	0	2905
1051	0	1683
3617	0	4072
4106	0	4313
3617	3	4077
4833	0	4938
5701	0	6009
2952	0	3595
317	0	664
1051	3	1873
3766	2	3617
1051	5	1919
4833	0	5059
5701	0	6130
3059	1	3057
1418	1	3124
317	0	556
3617	5	3749
2312	9	2315
2613	0	2918
4833	0	1797
2952	0	2898
1051	0	1696
1051	5	2040
3617	0	4085
4833	0	5180
3823	0	3849
5248	0	2463
317	4	382
4902	4	273
4107	0	4114
317	0	906
2277	2	2275
308	0	310
2952	0	3019
1051	0	1817
1051	5	2161
451	0	1045
4833	0	5072
317	0	1027
5248	4	5443
3617	5	3991
4134	2	4328
1051	5	2053
3725	1	3729
5701	0	77
5132	0	2956
4476	0	4765
4107	0	4127
653	4	1051
4476	0	4536
2613	3	2761
5701	0	1016
1051	0	2059
1051	5	2174
2673	0	2695
5701	0	198
317	0	1040
2613	3	2882
1051	0	1951
4476	5	4708
2908	4	475
2361	0	1985
5700	19	5549
1051	0	1133
1051	5	1477
4476	0	4778
540	0	551
2428	0	405
4962	2	4949
2952	0	3274
3768	2	3617
2672	0	2684
5531	4	570
653	5	656
5701	0	211
197	0	199
4106	0	4113
4106	5	4228
780	0	795
5701	0	5809
1051	0	2422
2952	0	3395
2613	5	2941
5248	0	5404
5248	0	5175
5556	0	279
5701	5	447
4106	0	4234
1051	0	1146
1051	5	1490
3617	0	3764
4106	5	4349
2952	0	3287
317	0	356
2952	3	3521
2613	0	2718
1051	0	1267
317	3	775
5701	0	5822
2952	5	3486
2613	0	2839
5248	0	5417
5531	0	5658
1051	0	1388
1053	0	1530
3617	0	4006
4106	0	4247
4444	0	4462
5588	2	5591
317	0	598
317	0	369
4106	0	4368
5701	0	6064
3639	0	3890
317	0	719
2952	0	1435
317	0	490
317	5	834
1051	3	1928
2613	0	2852
5531	0	3914
2952	11	3250
1051	0	1630
3617	0	4019
4833	0	5114
1159	0	1160
4833	0	4885
317	0	840
317	0	611
1051	0	1751
620	2	317
5701	0	6077
4476	0	4578
4603	5	4601
216	2	217
3652	0	3659
1051	0	1643
4833	0	5127
3652	2	3668
5701	0	11
1051	5	1169
4476	0	4699
4476	0	2484
317	0	853
4950	2	4946
2725	0	2730
1051	0	1993
1051	5	2108
4476	0	4820
2428	0	2433
2428	3	2438
1051	0	1885
2952	5	3165
2613	5	2633
2613	0	74
1051	0	1067
2988	0	708
5531	8	5686
1051	5	1182
1051	0	838
4476	0	4712
3116	0	3121
317	3	346
2428	0	2554
3617	5	4059
5701	5	5737
1051	0	2235
2952	0	3208
5248	1	5442
1051	0	2006
1051	5	2350
11	0	17
1178	4	1211
5701	0	145
498	0	519
1051	5	1303
317	0	987
2428	0	2446
2952	0	3100
5701	4	6158
2428	5	2497
5701	0	266
4106	0	4168
5701	3	5933
3617	0	3698
4106	5	4283
2428	0	2567
4833	5	478
5701	5	5979
5701	5	5750
2952	0	3450
2952	0	3221
1204	5	1187
5248	5	5345
11	0	30
1051	0	1201
1051	5	1545
3617	0	3819
5701	0	5756
2613	3	2842
317	0	411
2952	5	3420
2613	0	2773
2491	1	2473
1051	4	273
4833	3	4875
1051	5	1666
3617	0	3940
4106	0	4181
5701	0	5877
1051	4	1212
5701	5	5992
2952	0	3463
317	5	647
2613	0	2665
5248	0	5472
1430	0	1432
1051	0	1443
1051	5	1787
3617	0	3832
4833	0	4927
5701	0	5769
1051	0	2382
317	0	424
103	2	104
2613	0	2786
1418	0	3292
3861	1	3859
1051	5	1908
2428	4	2527
4833	0	5048
5701	0	6119
5701	0	5890
317	0	545
443	0	449
317	5	889
1051	0	1685
3617	0	4074
4106	0	4315
4833	0	4940
2677	3	2913
5701	0	6011
4476	0	4512
9	2	10
2952	0	3597
317	0	666
317	5	781
5701	4	468
4864	2	4850
1051	5	1921
4328	0	4377
5701	0	6132
3617	5	3751
1051	4	649
677	5	678
1051	0	1698
3617	0	4087
4833	0	5182
5132	0	5160
3583	2	2952
317	0	908
1051	5	995
36	0	28
3617	5	1657
308	0	312
2952	0	3021
1051	0	1819
1051	5	2163
2952	5	655
317	0	1029
464	4	471
4476	0	4646
2428	0	2488
3617	5	3993
4134	2	4330
5531	5	4339
2952	0	3142
3617	0	128
2952	5	776
5248	5	3051
5701	0	79
59	0	60
4476	0	4767
4107	0	4129
4476	0	337
2428	0	2609
1051	0	2061
2952	5	3112
4476	5	4589
2673	0	2697
5701	0	200
3617	0	3632
5497	1	5496
317	0	1042
4833	5	4842
5701	0	5569
2952	0	3155
2952	5	3233
5248	5	5279
1051	0	1135
4476	0	4780
2952	0	3276
5588	4	1506
1051	0	2074
2613	0	2707
2672	0	2686
5248	0	5285
5248	5	5400
5701	0	213
3639	0	254
197	0	201
1051	0	1256
780	0	797
5701	0	5811
5531	5	4594
2952	0	3397
1051	3	1675
2613	5	2943
5248	0	5406
5701	0	334
1051	0	1377
1051	5	1721
1051	0	1148
1051	5	1492
3824	0	3907
2952	0	3518
4147	0	444
317	0	358
2613	0	2720
5248	0	5527
5248	0	5298
1051	0	1269
140	0	148
2428	4	475
317	3	777
4833	0	2767
5701	0	6053
5701	0	5824
2952	5	3488
2613	0	2841
5248	0	5419
1051	4	2327
5531	0	5660
913	0	801
1051	0	1619
2952	0	2592
544	0	4240
1051	0	1390
3617	0	4008
4106	0	4249
5015	0	5106
4444	0	4464
4833	0	4874
5701	0	3959
5305	1	5306
5588	2	5593
2952	0	3531
317	0	600
3617	5	3793
866	0	874
1051	0	1511
4106	0	4370
5701	0	6066
3639	0	3892
317	0	721
317	0	492
2613	0	2854
1051	0	1632
3617	0	4021
4476	5	2174
4833	0	5116
2952	4	3249
317	0	842
3617	0	988
317	0	613
4476	0	29
2952	0	2955
2952	0	740
1051	0	1753
4476	4	673
2952	4	3370
4476	0	4580
317	0	734
2330	4	2331
1607	0	1608
1051	3	1125
4833	0	5129
5701	0	13
4106	4	1176
1051	5	1171
4476	0	4701
317	0	855
4833	5	4426
5701	5	5726
1051	0	1995
1051	5	2110
2613	0	2399
1051	5	1292
4106	5	4151
4476	0	4822
317	0	976
1051	3	2414
2613	0	1352
2428	0	2435
1051	0	1887
2952	5	3167
47	2	12
5085	1	5088
2613	5	2635
1051	0	1069
1051	5	1184
4476	0	4714
2428	0	2556
3617	5	4061
5701	5	5739
1051	0	2237
2952	0	3210
5248	1	5444
1051	0	2008
1051	5	2352
4476	5	335
2428	5	2607
11	0	19
498	0	521
4106	5	4393
1051	0	2358
2952	0	3331
2952	0	3102
2952	5	3409
2613	5	2877
2428	5	2499
5248	0	910
5531	5	3710
5701	0	268
5701	3	6164
1051	0	1311
4106	0	4170
5701	3	5935
3617	0	3700
5701	0	5866
2428	0	2569
5701	5	5981
4894	3	4921
2952	0	3452
2952	0	1237
2952	0	3223
317	5	636
1204	5	1189
2613	0	2654
4627	4	4628
11	0	32
1051	0	1432
4106	0	4291
1051	0	1203
3617	0	3821
5701	0	5758
2952	0	3573
2952	0	3344
317	0	413
2952	5	3422
2613	0	2775
1135	0	1141
1051	4	275
4106	0	4412
1051	0	1324
1051	5	1668
3617	0	3942
4833	0	2593
5701	0	5879
5701	5	5994
5701	0	1449
2952	0	3465
317	5	649
2613	0	2896
2613	0	2667
5248	0	5474
1051	0	1445
4106	5	447
4601	4	2632
1051	5	1560
875	0	444
3617	0	3834
4833	0	4929
3238	2	1064
5172	2	5191
2952	0	3586
317	0	426
2952	3	3591
2613	0	2788
1418	0	3294
1051	0	1566
1051	5	1910
4106	0	4425
5701	0	6121
317	0	547
317	5	891
345	2	318
1415	1	2275
5201	17	5170
1051	0	1687
1051	5	1802
3617	0	4076
4833	0	5171
4833	0	2956
4833	0	4942
170	0	177
5701	0	6013
334	1	1391
4476	0	4514
317	0	668
317	5	1012
5701	4	470
1051	0	1808
1051	0	1579
1051	5	1923
5701	0	6134
2551	3	2543
4058	10	468
1051	0	1929
2952	0	687
4833	4	4889
1051	5	1226
1051	0	882
4476	0	4756
317	0	910
4476	0	4527
36	0	30
2952	0	3023
1051	5	2165
1430	4	468
5531	5	5617
1051	2	1113
317	0	1031
1051	5	1118
5248	4	5447
2428	0	2490
3617	5	3995
2952	0	3144
1051	0	1942
2952	5	2993
2428	5	2541
5248	5	5268
5701	0	81
1051	0	1124
4476	0	4769
317	0	923
2952	0	3265
1051	0	77
1051	0	2063
2673	0	2699
5701	0	202
217	0	248
1051	0	1016
2952	0	3386
2952	0	3157
317	5	570
1051	5	2299
3092	2	2214
2613	5	2932
5531	0	5636
5701	0	94
1051	5	1481
3617	0	3755
4106	5	4340
540	0	555
2952	0	3278
2613	0	2709
2672	0	2688
5248	0	5287
5248	5	3416
5531	0	3313
4476	4	4608
1051	0	1258
1051	5	1602
3617	0	3876
780	0	799
5701	0	5813
2952	0	3399
2613	0	2830
2613	5	2945
1051	0	1379
1051	5	1494
317	3	887
3372	1	3407
3824	0	3909
296	0	298
1051	0	2318
317	0	360
1051	5	447
2613	0	2951
2613	0	2722
5248	0	5529
913	0	911
5701	0	6055
5701	0	5826
4476	0	4327
317	0	481
2952	5	3490
2613	0	2843
1051	0	1621
1051	0	1392
3617	0	4010
4106	0	4251
61	0	62
4833	0	5105
4833	0	4876
2613	0	1796
5701	0	3961
2952	0	3533
317	0	602
4476	0	18
3617	5	3795
5229	2	595
37	0	12
1051	0	1742
4833	4	272
779	2	750
4833	0	4997
5701	0	6068
317	4	428
3639	0	3894
4106	2	4418
4290	5	4282
317	0	723
4106	4	4198
5701	5	5365
1051	0	1863
4964	2	4949
653	5	447
3178	0	3183
317	0	844
2428	0	88
1051	0	1755
513	0	533
4106	0	2399
4476	0	1199
4132	2	4330
1051	0	937
317	0	736
1661	2	1051
1051	0	1876
2613	5	2624
5531	0	3113
4646	2	4647
1051	5	1173
4476	0	4703
5556	0	5560
1053	1	2364
2613	0	1233
5248	5	4155
5701	5	5728
2952	0	3199
5248	3	5277
1051	0	1997
1051	5	2341
2952	0	2970
1051	5	2112
2952	5	3048
4107	0	1032
5701	0	136
459	5	475
1051	5	1294
4106	5	4153
4476	0	4824
317	0	978
1051	3	2416
2428	0	2437
2952	0	3091
5642	0	5643
2613	5	2637
1051	0	1071
3617	0	3689
1051	5	1186
262	1	266
2428	0	2558
5701	5	5970
5701	5	5741
1051	0	2239
2952	0	3212
1664	4	1051
1051	0	2010
1051	5	2354
4507	0	4523
5248	1	5446
5248	5	5336
11	0	21
498	0	523
1051	0	1192
4106	5	4166
2952	5	2243
2952	0	3333
1051	0	2131
2952	5	3411
2428	5	2501
5701	0	270
1051	0	1313
1051	5	1657
5701	3	5937
3617	0	3702
317	3	592
5701	0	5868
5701	5	5983
2952	0	3454
1051	0	2252
2613	0	2656
5248	0	5463
4476	4	4784
11	0	34
1051	0	1434
4106	0	4293
3617	0	3823
2723	0	2729
5701	0	5760
2952	0	3575
1051	5	731
2952	0	3346
317	0	415
2952	5	3424
2613	0	2777
2613	5	2892
4476	4	475
4106	0	4414
2952	2	911
3617	0	3944
1051	5	1670
1636	3	1989
4833	4	4286
5701	0	6110
5701	0	5881
2952	0	3467
5531	8	2912
317	5	651
2613	0	2898
5248	0	5476
1051	0	1676
4955	2	4947
1051	0	1447
72	0	74
3617	0	4065
3617	0	3836
4833	0	4931
5132	0	4909
3617	2	3845
2952	0	3588
11	1	97
4796	0	4809
3162	2	2952
2613	8	2614
78	0	93
1051	0	1568
1051	5	1912
4833	0	5052
5701	0	6123
317	0	778
317	0	549
3617	5	3742
2613	0	2911
5701	5	1219
4106	0	2333
1051	5	1804
3617	0	4078
4833	0	5173
317	3	968
4833	0	4944
4833	0	743
170	0	179
317	0	899
1051	5	2972
4476	0	4516
3250	2	2952
2952	4	273
1051	0	1810
4833	0	5065
5170	0	5189
138	0	139
3616	2	3602
317	0	1020
4476	0	4637
1051	0	1931
4833	4	4891
2583	1	2552
5132	0	5164
3287	0	3300
1051	5	1228
4476	0	4758
317	0	912
3824	1	3639
4476	0	4529
1970	2	1051
2952	0	3025
1051	0	1823
2673	0	2688
5701	0	191
4106	5	4208
459	3	457
317	0	1033
2952	0	3146
1051	0	1944
2952	5	2995
1946	1	1944
2428	5	2543
5248	5	5270
1051	0	1126
4476	0	4771
1051	0	2294
2952	0	3267
1051	0	2065
2952	0	3038
5929	1	5701
2613	5	2813
5248	0	5276
1051	0	1247
780	0	788
2428	0	2505
5701	0	5802
2952	0	3388
2952	0	3159
5531	0	5638
3617	4	3233
1051	0	1368
3617	0	3757
4106	5	4342
1535	2	1053
1430	5	654
2952	0	3509
2952	0	3280
317	5	464
2613	0	2711
5248	0	5289
1051	0	1260
21	0	281
140	0	139
1051	5	1604
3617	0	3878
4833	5	4859
5701	0	5815
317	5	585
1869	2	1051
2613	0	2832
2613	5	2947
5248	0	5410
222	2	217
1051	0	1381
3617	0	3999
1051	0	334
317	0	362
4356	2	4335
2613	0	2724
1051	5	1846
4833	0	4986
5701	0	6057
2988	2	3404
317	0	712
3652	0	3639
1051	0	1623
1051	5	1738
3617	0	4012
4833	0	5107
4833	0	4878
2613	0	1798
4956	2	4948
317	0	604
2905	4	475
1051	0	1744
1051	5	2088
1051	0	1515
472	4	473
4833	0	4999
2428	0	1016
5701	0	6070
3639	0	3896
4476	0	4571
317	0	725
1261	5	1738
1051	0	1865
1051	0	1636
1051	5	1980
4833	0	5120
352	2	317
5531	0	2873
317	0	846
873	1	866
317	5	961
3617	5	4039
5701	4	648
2952	0	2959
1051	0	1757
4833	0	5241
1662	2	1636
4106	5	4142
2952	4	570
3617	0	2281
2613	5	2626
5701	0	17
1051	0	1060
1051	5	1175
2986	0	2595
5701	5	5730
1051	0	1999
1051	5	2343
317	5	385
4358	2	4106
2952	5	3050
1051	1	652
5701	0	138
1051	5	1296
4106	5	4155
4476	0	4826
317	0	980
2428	0	2439
436	2	389
4476	5	447
5531	0	5572
2613	5	2639
5531	5	5687
197	0	18
1051	0	1073
3617	0	3691
2364	0	165
2428	0	2560
5701	5	5972
5701	5	5743
1051	0	2241
2952	0	3214
1051	5	2356
2613	0	2645
5248	5	5338
11	0	23
498	0	525
1051	0	1194
3617	0	3812
4106	5	4397
4833	5	5022
2952	0	3335
317	0	404
2952	5	3413
2613	0	2766
4833	5	3746
2988	0	3400
1051	0	1315
3617	0	3933
2952	0	73
3617	0	3704
5701	0	5870
5701	5	5985
2952	0	3456
1051	0	2254
866	3	868
75	0	81
2613	0	2887
5248	0	5465
1051	0	1436
1051	5	1780
4106	0	4295
3617	0	3825
4850	0	29
4833	0	4920
4833	5	5035
2428	0	708
5701	0	5762
2952	0	3577
317	0	417
2613	0	2779
1051	0	1557
1051	5	1901
1051	5	1672
4833	0	5041
5701	0	6112
5701	0	5883
5248	5	453
5701	0	1682
317	0	538
2952	5	1561
5701	4	2326
2613	0	2900
5248	0	5478
3617	4	3772
1051	0	1678
1051	0	1449
4106	0	4308
4833	0	4933
5701	0	6004
99	2	82
1051	0	631
2952	0	3590
4476	0	4505
1051	3	2097
3617	5	3623
5701	0	756
1051	0	1799
5287	1	5300
1051	0	1570
1051	5	1914
4833	0	5054
5701	0	6125
317	0	780
3617	5	3744
1051	0	1691
3617	0	4080
4833	0	5175
5132	0	5153
317	0	901
4476	0	4518
3408	2	2988
4476	0	88
2952	0	3014
1051	0	1812
285	0	286
317	0	1022
4476	0	4639
2428	0	2481
229	0	217
2952	0	3135
1051	0	1933
2952	5	2984
1051	3	1184
5701	0	72
1051	5	1230
4476	0	4760
4107	0	4122
2428	0	2602
4138	2	3217
2952	0	3027
4476	5	4811
4833	4	5014
4476	5	4582
1051	3	1305
2952	3	3032
4106	1	4320
2673	0	2690
5701	0	193
3617	0	3625
5531	3	5282
317	0	1035
4833	5	4835
1051	0	2175
317	1	856
